Multiple size <= 100
TEST 1 ARG:57 54 69 89 37 6 90 60 52 49 97 91 82 83 18 88 94 85 44 55 79 26 0 84 71 19 22 43 36 8 72 13 5 66 61 39 93 46 77 15 4 95 98 67 10 53 40 65 92 11 73 80 59 34 51 75 21 38 78 87 3 28 20 76 33 35 48 70 23 86 17 63 68 47 12 24 58 16 50 27 1 74 56 9 14 99 32 42 64 45 41 25 7 81 96 30 31 2 29 62
TEST 2 ARG:28 40 76 2 55 37 87 50 3 33 38 14 94 86 73 47 29 53 23 56 34 11 51 7 68 66 77 97 98 65 75 19 49 99 82 52 9 21 70 64 1 96 93 12 90 43 25 18 22 24 31 57 60 48 36 74 39 69 20 26 85 62 67 46 71 83 32 44 42 16 41 79 54 0 45 63 8 72 80 88 17 81 91 27 4 6 5 84 92 59 35 15 13 95 30 10 78 61 58 89
TEST 3 ARG:91 39 68 23 61 13 3 49 87 75 80 38 83 95 20 99 44 88 93 42 35 9 60 66 96 82 18 10 85 56 12 94 1 65 89 55 74 73 54 97 28 2 15 14 46 84 25 69 16 70 5 6 33 24 58 53 31 90 48 76 63 32 79 50 41 62 30 43 29 40 52 45 72 59 22 47 92 37 11 67 34 78 64 19 4 77 26 8 21 98 86 36 51 7 81 27 0 17 57 71
TEST 4 ARG:74 37 38 16 30 47 81 15 71 95 42 68 59 34 31 56 61 57 1 46 84 52 91 98 62 10 89 76 23 96 18 48 7 85 29 41 55 6 24 5 21 87 54 17 9 11 40 50 0 97 63 32 82 77 44 79 80 27 35 8 43 14 90 4 67 75 69 92 73 25 33 28 86 94 26 20 93 19 60 65 39 99 22 13 72 49 64 88 66 51 53 36 3 70 2 45 78 58 12 83
TEST 5 ARG:70 3 8 39 22 89 74 66 91 54 13 80 62 85 5 83 57 77 92 11 49 48 79 20 50 87 31 35 56 98 24 75 7 55 53 58 60 71 73 21 95 64 25 17 51 28 86 44 30 88 94 10 81 14 40 27 68 26 52 59 41 90 18 1 37 67 34 45 43 47 96 82 76 84 19 42 9 12 32 16 23 36 63 65 0 72 78 15 99 38 4 46 6 33 29 93 2 61 97 69
TEST 6 ARG:5 47 30 73 61 88 57 82 85 22 84 28 80 36 23 98 10 18 96 45 86 70 64 34 68 94 67 1 99 2 77 66 51 46 59 21 26 50 40 35 72 91 71 87 13 63 19 62 53 75 56 7 69 12 79 6 93 97 49 8 92 41 74 42 81 17 39 16 9 33 20 52 0 44 14 76 29 60 25 65 32 55 95 24 4 78 27 48 15 58 90 43 54 31 83 37 89 3 11 38
TEST 7 ARG:84 94 13 99 49 5 67 47 57 3 97 22 52 8 68 19 1 38 69 92 41 35 42 96 25 27 0 73 56 83 79 95 98 70 78 71 32 62 6 86 34 21 54 80 4 63 55 24 53 12 51 82 11 72 60 2 30 90 43 29 33 91 89 36 14 77 37 59 31 76 65 23 26 18 75 87 85 64 88 20 15 93 40 58 39 46 61 45 9 74 48 50 7 10 28 16 44 66 17 81
TEST 8 ARG:47 63 19 28 93 1 78 62 27 16 7 55 23 79 90 32 72 8 77 30 92 66 41 37 89 5 85 75 18 10 96 24 9 12 83 35 51 57 99 88 45 73 54 67 52 70 87 46 82 94 53 76 40 49 95 60 97 33 98 69 71 6 13 65 91 26 44 25 3 50 14 58 20 59 39 29 48 38 22 64 74 2 43 81 11 15 17 56 61 0 4 86 68 21 84 34 31 80 36 42
TEST 9 ARG:12 48 1 30 63 51 81 56 87 5 64 71 33 91 68 24 31 59 26 84 36 37 65 52 47 58 40 43 60 93 61 11 45 42 96 44 79 85 53 38 94 29 77 27 35 2 39 80 78 92 6 50 83 20 89 73 97 88 90 7 76 54 72 28 8 9 55 13 41 66 34 57 10 32 16 15 22 3 98 86 23 0 69 62 19 49 75 25 17 74 99 46 4 95 21 67 82 18 14 70
TEST 10 ARG:64 81 30 23 39 33 86 80 34 43 61 59 14 44 55 99 79 76 49 6 13 46 96 78 5 71 18 87 48 85 36 8 7 70 15 68 32 94 75 57 62 60 54 97 31 29 0 41 20 35 83 67 65 58 88 40 27 42 74 25 1 16 82 98 66 26 91 47 3 89 22 90 92 52 77 63 93 84 10 11 69 51 2 72 4 21 24 9 12 19 53 38 17 56 50 28 45 95 37 73
TEST 11 ARG:38 32 42 81 53 90 56 73 79 65 27 24 87 34 29 17 40 83 55 52 19 62 30 84 4 26 33 50 22 75 54 9 99 57 58 61 31 66 7 37 59 93 43 15 63 36 97 18 94 64 10 72 80 95 92 78 8 96 86 77 68 89 44 16 82 74 5 91 47 2 12 51 0 3 67 1 76 46 20 13 41 45 71 35 11 49 14 70 23 98 28 69 60 48 39 25 21 88 6 85
TEST 12 ARG:79 22 49 26 47 89 2 92 48 69 10 77 13 61 7 21 16 86 75 88 63 23 99 29 20 17 91 76 51 84 94 68 14 11 70 46 50 3 0 52 87 78 53 67 95 1 15 33 72 43 12 6 31 74 18 25 28 34 19 60 55 71 83 96 90 27 54 42 35 59 40 9 64 73 62 44 66 5 45 32 82 93 98 38 4 80 37 97 85 30 41 81 8 36 65 58 39 56 57 24
TEST 13 ARG:85 28 84 82 33 34 59 47 13 93 91 53 80 81 58 17 73 25 69 96 65 48 29 43 18 89 9 40 55 23 22 45 5 4 74 1 95 36 24 79 99 39 68 3 76 16 12 52 41 2 51 86 98 92 50 49 32 61 6 60 8 19 71 14 37 94 26 20 62 7 57 38 54 97 72 64 83 46 21 30 10 77 87 11 75 15 35 42 44 66 27 90 56 0 67 78 70 31 88 63
TEST 14 ARG:19 65 10 27 66 67 75 29 22 38 76 1 43 8 50 77 33 62 89 81 57 56 15 45 99 71 0 59 49 91 74 92 58 17 5 4 21 28 31 26 52 98 2 95 46 13 3 18 84 78 90 85 93 94 80 69 55 37 30 40 35 12 47 97 79 64 88 32 16 25 70 60 86 83 68 7 24 96 34 72 61 54 44 36 42 63 20 82 6 53 11 48 9 41 14 23 39 87 73 51
TEST 15 ARG:7 61 72 33 97 85 5 90 12 0 45 48 38 34 88 75 68 22 29 20 31 27 9 52 64 66 94 86 2 43 46 65 40 6 57 82 32 10 18 3 53 81 80 30 71 25 23 26 78 8 13 16 73 44 14 49 58 35 4 95 36 92 17 60 28 1 79 56 87 47 24 37 19 76 70 77 91 42 96 11 83 89 62 15 41 59 50 21 39 63 74 99 54 69 98 93 55 84 51 67
TEST 16 ARG:51 24 61 75 73 32 14 8 31 42 85 92 22 96 59 2 3 6 54 0 15 86 33 55 95 67 35 52 87 89 10 46 44 50 38 48 94 81 45 34 77 7 47 28 16 69 78 23 56 18 39 13 37 4 63 74 72 68 80 19 82 57 70 65 88 64 49 36 12 5 71 25 83 26 99 27 30 98 21 90 93 58 91 41 66 97 1 11 9 43 17 60 29 84 62 76 53 20 40 79
TEST 17 ARG:60 96 87 18 22 29 40 43 70 48 86 95 46 61 65 71 63 94 11 77 73 51 64 26 21 76 44 38 59 90 54 57 20 55 14 66 52 35 42 1 67 85 49 28 81 89 2 36 97 41 69 80 6 34 16 88 50 13 10 0 58 15 45 8 24 53 5 72 82 31 75 92 19 68 83 37 78 23 79 91 12 84 56 17 32 30 98 27 3 39 25 9 74 4 7 47 62 93 99 33
TEST 18 ARG:52 20 51 56 77 19 47 32 1 25 7 36 3 37 97 17 67 10 81 11 21 69 71 42 41 88 61 2 16 64 49 6 9 93 46 74 94 85 89 91 79 13 96 14 84 23 70 12 40 72 87 4 50 15 90 43 76 63 78 27 55 22 59 33 68 5 29 31 53 26 38 75 80 8 92 82 83 35 34 39 98 58 54 18 24 65 66 30 57 44 48 60 0 86 73 45 95 28 62 99
TEST 19 ARG:59 24 9 10 20 12 4 61 93 70 36 82 57 56 97 15 42 86 47 21 80 39 7 14 76 51 72 87 50 74 68 62 52 23 67 5 2 99 65 3 40 45 18 8 38 49 95 19 44 46 37 69 34 75 31 92 84 60 43 48 89 1 66 81 91 98 26 25 27 30 17 79 55 28 29 83 85 90 33 6 94 63 71 54 77 41 11 22 88 0 78 64 16 53 96 35 32 58 73 13
TEST 20 ARG:3 97 39 2 25 75 37 9 19 17 64 83 61 42 6 65 35 4 13 21 59 55 11 14 5 16 20 7 69 27 77 81 43 49 66 48 32 90 44 54 36 94 93 8 46 88 34 50 71 18 76 57 51 70 91 80 53 99 68 62 52 45 33 15 0 98 96 56 63 79 84 58 95 30 38 92 47 78 31 89 26 10 24 87 60 29 28 12 86 72 23 67 85 73 1 82 41 74 40 22
TEST 21 ARG:27 10 41 91 44 89 34 83 86 87 42 96 2 33 45 47 84 74 62 67 70 14 40 8 81 15 13 79 53 93 4 75 19 56 77 11 6 88 12 46 16 23 24 90 68 22 51 65 99 61 31 35 57 60 58 29 18 7 85 26 30 55 25 78 49 50 54 43 21 80 76 1 98 66 17 52 36 37 3 39 64 48 59 0 32 38 69 5 72 73 20 97 63 94 82 92 28 9 95 71
TEST 22 ARG:94 96 75 77 27 7 61 74 56 44 50 55 57 39 43 85 93 31 95 20 3 51 2 98 68 40 16 73 25 47 24 52 37 99 60 90 14 18 13 38 59 71 62 49 26 72 28 69 22 1 58 92 97 80 5 65 66 91 35 79 19 32 70 87 30 89 84 48 4 17 54 0 83 67 45 36 34 64 82 78 53 12 23 88 6 81 29 8 11 21 63 46 76 10 9 42 41 15 33 86
TEST 23 ARG:49 30 37 95 66 50 52 4 92 29 17 87 94 44 32 11 68 22 19 59 85 91 38 33 73 12 63 81 5 28 76 71 70 36 18 55 99 40 42 24 48 46 45 74 0 53 54 96 31 90 82 83 69 27 79 35 97 43 89 39 15 64 13 86 62 72 61 78 20 26 60 80 3 10 14 41 93 34 7 77 47 57 98 25 75 6 8 88 23 51 58 65 21 2 67 56 84 16 9 1
TEST 24 ARG:87 97 72 98 0 80 5 84 69 90 70 40 11 99 64 24 29 47 48 65 44 93 15 43 3 63 58 38 41 9 33 94 8 67 76 61 31 68 25 79 16 91 18 19 1 17 35 71 60 37 45 59 89 88 92 21 77 82 7 62 52 20 30 56 53 26 75 13 55 27 78 85 10 83 74 95 4 6 34 23 50 28 2 49 57 22 54 32 51 12 42 46 73 86 96 81 39 14 36 66
TEST 25 ARG:18 10 29 38 20 13 14 51 98 27 99 77 24 84 87 75 85 90 54 66 11 58 5 48 72 96 67 70 80 88 83 25 41 86 21 4 92 91 15 44 47 76 69 43 89 59 50 32 31 61 7 68 42 56 9 23 2 16 62 73 28 37 79 8 34 53 0 17 97 12 3 30 45 81 74 40 35 55 52 19 46 6 63 94 26 36 78 22 57 39 33 1 65 82 64 71 60 49 95 93
TEST 26 ARG:4 82 41 53 89 79 90 21 88 94 13 60 93 44 36 24 8 34 70 75 33 76 11 68 7 99 66 5 72 56 50 18 78 95 96 27 0 73 16 38 51 35 64 12 49 22 10 37 61 40 31 29 52 69 28 54 71 25 6 1 30 80 74 46 62 55 83 63 45 39 2 57 85 9 15 43 86 91 67 97 20 32 58 59 23 81 26 42 47 48 77 98 17 3 65 92 84 19 14 87
TEST 27 ARG:10 66 29 37 87 25 31 65 21 95 12 79 70 72 85 60 19 18 9 27 54 97 26 14 64 99 48 59 17 8 11 56 68 63 38 55 45 62 88 2 49 24 35 20 33 94 22 40 6 90 81 36 61 39 53 89 28 50 7 32 82 91 96 44 52 75 69 67 93 86 84 80 1 16 58 4 47 3 15 13 77 98 5 46 92 76 73 71 23 42 41 74 43 30 83 57 78 34 0 51
TEST 28 ARG:72 84 18 90 82 58 77 71 20 91 53 86 35 37 59 3 65 6 28 54 99 68 79 81 61 60 66 36 41 47 17 38 56 5 76 48 15 64 44 11 16 14 69 55 19 89 27 67 26 30 32 63 52 50 29 83 80 34 24 88 12 25 22 4 31 13 73 2 46 33 70 1 92 87 42 21 40 49 95 10 39 9 97 94 51 7 45 0 57 23 8 74 85 62 96 43 93 78 75 98
TEST 29 ARG:3 6 24 77 69 21 30 62 71 94 70 33 64 89 1 4 39 87 35 31 59 98 25 57 81 86 66 0 85 12 73 26 18 53 52 28 79 43 88 47 9 27 16 92 17 84 90 82 10 22 48 14 20 61 93 68 55 50 54 36 49 45 51 67 58 80 60 5 91 38 41 19 37 40 78 75 23 95 15 56 13 11 65 72 8 63 97 44 96 76 2 42 74 32 29 83 46 34 99 7
TEST 30 ARG:59 48 19 26 35 13 94 89 66 76 63 11 36 10 16 55 78 80 73 25 67 17 38 20 56 51 91 2 77 98 60 83 4 1 41 54 46 71 14 68 99 24 58 34 81 69 43 53 57 47 27 72 93 33 70 79 62 44 84 96 22 75 31 32 12 0 50 64 65 97 74 61 7 85 37 9 29 86 95 15 8 42 92 49 5 18 23 39 3 21 88 90 30 52 28 6 82 45 87 40
TEST 31 ARG:85 67 60 83 71 93 20 80 42 25 35 43 58 4 12 90 64 66 49 24 26 34 61 87 0 11 89 70 97 40 47 91 86 99 96 21 9 92 79 22 78 39 27 37 15 72 62 54 57 6 29 81 65 51 55 30 73 88 38 36 23 44 1 63 13 19 82 16 74 14 41 95 46 31 8 52 76 98 59 84 56 53 48 33 18 2 28 32 68 3 75 69 5 10 94 17 50 77 45 7
TEST 32 ARG:70 74 66 49 22 48 84 87 71 8 73 6 37 89 27 79 0 75 83 99 15 62 45 32 26 41 95 69 19 39 3 42 35 86 12 59 77 81 4 1 29 52 13 16 64 9 96 82 38 18 7 25 98 40 51 76 14 43 65 24 5 28 57 56 21 46 34 68 90 88 54 61 93 47 80 97 44 50 55 17 53 11 20 63 91 36 31 58 72 78 60 10 33 85 23 30 67 94 92 2
TEST 33 ARG:70 25 72 66 94 78 3 35 85 86 47 28 18 43 27 67 58 38 45 12 39 83 53 24 33 5 79 32 7 55 14 51 4 16 40 36 56 30 9 0 1 52 98 11 93 97 19 2 75 8 42 73 90 49 44 50 48 34 99 84 74 54 46 10 88 21 59 17 81 22 68 82 65 92 91 31 20 87 96 95 13 26 23 63 71 37 80 15 41 61 6 89 57 69 62 64 76 29 77 60
TEST 34 ARG:1 41 44 80 18 74 59 64 70 14 27 19 57 7 75 52 25 54 50 38 88 66 32 72 82 28 77 23 45 3 94 30 9 43 97 87 67 49 5 68 89 22 2 8 85 46 13 55 90 17 34 63 26 48 81 31 4 58 37 60 12 53 96 99 21 35 71 73 62 6 79 20 51 29 91 86 0 33 24 39 15 61 36 83 16 42 69 40 56 47 95 93 98 92 11 76 10 65 84 78
TEST 35 ARG:52 44 71 39 30 67 61 1 8 15 3 49 66 59 72 32 13 2 93 45 33 99 92 28 12 78 84 29 74 55 73 22 14 25 20 41 36 91 18 19 40 37 23 70 17 34 81 64 60 27 10 7 95 43 77 31 47 68 82 54 80 5 9 97 35 0 75 58 48 42 90 89 69 96 65 51 38 88 76 98 86 85 62 56 6 4 24 94 87 83 26 46 53 79 63 16 50 21 57 11
TEST 36 ARG:50 38 53 15 97 10 54 85 99 19 33 5 42 93 6 3 51 79 84 49 24 52 74 28 9 80 1 22 70 55 26 88 39 40 0 8 81 45 57 66 2 35 61 86 75 11 91 63 62 23 36 18 29 58 44 96 64 31 77 98 73 21 68 20 37 72 59 13 25 67 41 34 82 7 83 94 65 14 48 89 69 76 16 4 95 60 90 78 43 92 32 56 71 17 47 87 27 30 12 46
TEST 37 ARG:51 54 65 89 18 7 11 24 35 31 30 15 26 71 87 6 93 78 70 79 1 22 80 76 66 84 98 72 50 19 0 42 43 39 23 34 67 36 49 86 20 85 32 64 94 60 55 3 53 68 8 2 77 73 28 95 88 14 21 61 69 29 58 91 44 10 90 41 52 37 16 81 5 63 57 97 62 99 4 96 46 27 56 47 74 17 40 59 82 25 83 38 33 75 92 48 9 45 13 12
TEST 38 ARG:74 12 33 1 80 23 52 4 7 85 17 49 29 40 79 86 46 99 70 13 48 20 37 36 63 90 14 59 8 89 65 93 19 66 32 72 25 68 42 44 35 67 3 57 73 22 27 9 75 34 21 6 30 18 77 24 31 64 54 38 81 11 0 69 61 55 88 97 5 53 60 94 2 15 56 47 92 50 83 28 78 95 16 62 43 51 71 96 87 10 26 39 58 41 76 82 91 45 84 98
TEST 39 ARG:8 43 50 4 51 86 44 78 48 7 90 69 32 5 33 84 10 93 99 89 66 27 85 47 94 97 70 21 16 54 22 62 23 0 79 59 63 58 88 98 1 76 72 45 18 12 13 46 26 11 30 29 41 14 17 80 15 96 60 65 82 57 20 75 61 40 35 9 52 77 49 95 56 53 81 24 91 74 19 55 37 38 2 71 42 83 73 92 68 64 87 3 31 39 67 34 36 28 25 6
TEST 40 ARG:47 43 44 61 23 39 15 75 52 73 41 69 66 7 5 42 85 99 94 96 25 86 90 49 93 60 8 20 83 16 30 48 14 76 2 10 4 31 29 36 54 9 70 51 57 82 37 98 17 65 58 79 71 12 84 91 13 34 78 64 40 80 55 67 0 6 21 81 1 45 27 87 19 33 89 62 46 56 32 22 24 68 53 50 26 63 88 18 59 74 11 72 95 77 97 3 38 92 28 35
TEST 41 ARG:16 19 49 93 11 4 9 23 40 74 95 84 47 7 32 37 75 69 48 71 34 87 66 57 86 29 1 91 88 64 0 67 65 60 78 77 21 27 44 70 20 3 79 46 99 76 82 15 52 26 17 30 33 18 51 53 13 81 42 72 90 10 89 2 94 8 50 68 38 92 56 39 45 73 63 31 58 35 43 97 28 22 24 55 59 36 83 85 61 96 80 25 98 62 41 14 54 12 5 6
TEST 42 ARG:18 50 19 68 73 8 34 10 45 64 14 30 41 95 7 62 84 48 22 49 97 31 11 80 39 72 70 1 16 88 2 98 4 60 90 52 13 37 40 55 85 89 74 76 71 78 46 91 33 44 3 29 38 47 53 67 20 43 25 9 5 83 93 66 75 81 28 35 36 63 61 82 99 26 51 96 87 6 0 32 17 58 69 27 56 42 94 54 86 23 24 77 21 57 59 15 65 79 92 12
TEST 43 ARG:94 48 42 61 74 21 13 17 64 44 37 34 47 77 10 92 76 15 97 60 4 6 62 33 99 84 78 0 59 98 53 85 54 55 27 16 51 30 14 88 80 22 24 29 19 7 20 46 5 73 56 45 26 68 87 91 86 69 32 40 79 75 49 31 71 41 18 50 52 9 25 43 28 93 3 12 8 95 63 65 35 58 96 2 72 82 67 81 36 1 90 38 57 83 89 23 70 39 11 66
TEST 44 ARG:97 69 58 47 33 50 63 77 27 67 41 81 16 6 25 82 99 0 48 56 9 95 85 61 37 38 72 12 83 31 59 19 87 13 52 53 66 57 86 98 32 73 55 40 49 76 94 23 45 36 92 96 91 44 18 15 39 93 8 14 43 2 80 11 30 24 79 26 21 3 88 71 60 4 64 65 10 62 5 22 78 28 90 42 7 34 1 84 51 20 17 74 89 70 75 68 35 46 29 54
TEST 45 ARG:2 16 93 19 12 92 26 75 83 53 57 33 67 54 79 3 45 21 10 23 42 34 85 55 91 5 17 78 44 38 70 9 6 51 48 56 22 15 59 98 13 87 11 7 8 88 80 89 63 95 32 77 72 66 84 30 81 31 0 49 61 40 28 37 18 43 50 46 86 1 94 99 69 97 29 58 74 25 47 90 73 52 41 35 96 65 71 39 82 36 20 76 62 68 64 4 27 24 14 60
TEST 46 ARG:1 34 62 53 24 11 94 43 72 71 41 98 29 97 19 26 46 70 7 42 91 21 78 35 8 39 92 80 22 89 88 56 12 23 14 74 60 15 99 54 76 57 5 36 51 37 27 4 75 17 58 47 83 52 93 64 86 79 63 68 65 77 2 61 32 10 0 13 45 67 95 16 96 49 50 44 81 18 33 28 48 59 85 90 25 31 38 9 82 55 87 73 66 69 20 30 6 84 40 3
TEST 47 ARG:3 58 73 31 97 30 54 4 22 94 87 66 28 45 96 85 42 13 14 25 44 2 41 98 92 10 76 90 19 16 39 51 71 72 62 83 47 46 65 23 35 53 80 81 64 5 36 20 15 89 8 74 11 63 29 48 84 99 86 1 75 61 56 57 33 17 43 91 69 6 79 26 21 49 34 82 7 67 95 70 24 55 60 9 59 50 40 32 18 0 93 27 12 88 78 37 38 68 52 77
TEST 48 ARG:62 21 8 87 19 70 2 65 55 37 64 35 68 50 38 46 75 63 33 96 16 97 12 91 80 0 32 81 72 85 53 20 48 88 1 59 49 76 11 14 74 77 54 84 15 99 25 58 7 6 39 36 34 92 47 90 52 57 17 83 44 94 3 41 73 13 51 10 4 66 42 31 30 45 28 5 89 86 56 40 43 60 29 22 78 23 69 93 61 24 9 82 98 27 26 79 95 67 71 18
TEST 49 ARG:74 30 17 36 26 55 89 47 94 90 16 46 93 7 33 60 68 11 69 91 15 44 31 43 83 85 71 0 87 28 48 9 77 6 3 51 10 32 73 27 25 20 58 88 81 59 78 86 18 1 22 12 50 64 21 80 5 42 35 97 63 29 4 72 8 57 39 34 54 67 76 2 70 62 79 19 40 75 82 38 13 84 52 66 41 24 14 56 65 96 23 53 95 37 49 45 61 99 92 98
TEST 50 ARG:20 42 90 21 70 54 24 63 73 19 15 2 7 69 79 16 37 1 86 65 38 34 61 33 11 26 45 74 35 71 41 55 47 39 30 99 97 3 5 50 84 56 88 10 85 57 13 4 72 92 40 66 31 81 14 60 28 67 18 68 23 77 36 52 8 59 58 44 62 80 94 95 9 93 98 53 46 27 76 6 43 22 89 75 12 49 29 25 83 0 82 51 48 64 17 91 32 78 87 96
TEST 51 ARG:73 37 36 56 95 59 55 18 27 17 87 80 10 7 83 74 3 72 66 2 99 40 62 82 52 21 16 11 42 64 38 67 60 39 31 20 88 75 92 65 9 69 48 50 33 78 85 41 35 91 71 94 93 34 53 96 97 63 61 12 57 58 30 24 5 79 98 6 14 0 44 32 22 46 23 4 45 51 13 49 28 8 84 15 47 19 76 77 90 1 81 86 68 43 29 26 70 25 54 89
TEST 52 ARG:30 35 87 63 75 64 77 15 16 47 66 99 10 60 84 46 12 26 56 19 97 71 53 18 49 23 74 13 2 39 40 82 25 62 92 69 94 83 91 59 20 95 33 98 21 50 32 44 58 52 3 65 34 5 81 68 78 85 27 67 70 57 41 93 80 28 31 11 4 88 42 37 73 61 14 54 76 17 9 38 45 1 7 36 24 96 6 86 8 29 90 0 51 89 43 72 79 22 48 55
TEST 53 ARG:89 75 42 43 47 11 25 32 7 66 60 4 65 5 24 29 28 49 85 69 10 6 83 33 30 86 91 51 41 96 59 19 1 67 80 44 93 76 97 94 90 99 54 95 64 70 77 63 71 88 27 81 2 92 45 34 40 12 17 46 58 56 16 79 98 20 26 73 78 0 21 55 31 61 82 36 35 39 53 3 48 52 68 38 23 15 9 50 13 84 18 72 74 14 87 62 22 57 37 8
TEST 54 ARG:37 44 33 97 91 51 10 69 30 53 83 4 21 71 67 62 15 7 86 12 90 40 27 20 0 42 19 34 5 72 65 82 26 28 24 58 50 68 56 48 95 73 46 45 61 74 29 92 55 93 96 57 85 32 9 35 63 38 36 41 47 59 99 77 8 17 52 49 1 89 87 54 22 81 79 75 94 70 39 3 16 98 43 18 25 6 66 84 76 23 88 2 14 31 80 60 11 64 78 13
TEST 55 ARG:18 27 13 87 64 35 82 60 31 67 79 62 16 3 72 6 30 10 24 61 55 63 58 33 52 48 2 39 50 37 28 69 22 42 76 65 5 90 77 73 1 34 53 54 71 85 20 99 81 89 68 21 15 36 29 7 80 75 56 11 49 96 17 9 91 23 46 4 43 86 44 47 25 84 12 32 41 88 14 0 45 94 57 40 59 97 74 93 19 83 26 8 38 95 51 98 92 70 66 78
TEST 56 ARG:15 39 80 13 14 36 29 20 32 86 27 76 19 56 82 54 21 44 42 58 89 91 78 62 1 66 40 68 64 55 23 48 60 83 38 47 26 98 50 6 84 70 97 53 79 11 92 52 0 43 17 51 95 24 25 88 67 65 74 28 75 2 99 72 49 37 57 7 5 85 63 22 73 61 69 4 46 33 81 12 8 90 96 31 87 45 77 16 94 3 59 71 93 9 41 35 10 34 30 18
TEST 57 ARG:10 13 36 84 44 19 98 21 58 22 62 38 39 73 74 18 92 53 86 41 96 47 69 9 50 4 64 45 88 57 8 91 66 0 30 2 1 65 71 33 83 16 48 97 35 95 11 37 29 24 79 51 72 6 12 99 17 7 82 54 90 49 46 89 70 68 43 63 81 27 3 80 15 77 14 52 94 61 28 31 85 75 26 55 56 59 42 34 87 40 76 93 67 23 20 78 25 32 60 5
TEST 58 ARG:49 51 99 34 72 42 82 24 29 97 20 9 52 55 5 33 14 16 75 89 11 13 23 80 67 22 45 36 85 26 40 66 6 88 57 10 81 76 37 30 87 41 58 78 86 15 60 31 73 83 2 53 74 56 19 7 12 68 17 44 0 47 61 18 62 39 48 27 63 84 92 59 21 54 3 95 96 35 38 71 64 93 28 79 77 65 4 43 1 91 70 94 90 25 8 50 46 69 98 32
TEST 59 ARG:83 7 43 19 70 49 60 54 26 37 74 0 31 76 32 84 28 88 77 22 46 56 12 8 2 57 5 93 29 75 33 38 99 50 44 17 41 72 68 51 98 20 13 94 24 82 16 45 23 63 87 14 86 58 85 30 92 66 64 36 39 52 71 25 80 18 48 81 53 4 78 79 95 34 69 3 40 42 21 89 59 96 62 27 61 97 65 67 35 9 10 55 6 90 11 91 15 1 73 47
TEST 60 ARG:62 23 0 37 98 97 75 28 63 58 43 36 86 3 54 18 14 45 25 52 1 48 49 30 82 56 88 84 90 27 17 57 33 71 7 38 87 66 40 59 12 42 16 81 64 73 15 22 69 2 10 89 24 50 94 21 78 35 19 61 44 5 55 76 67 46 26 93 4 77 70 20 95 85 60 8 79 6 65 39 53 32 74 68 11 83 96 47 91 72 13 99 51 9 34 29 80 92 31 41
TEST 61 ARG:51 12 1 21 6 96 94 79 14 11 62 84 25 86 87 98 40 26 77 56 43 33 19 44 99 27 22 64 5 66 35 85 61 71 32 69 52 36 34 16 41 47 28 18 58 53 37 3 73 65 50 70 90 68 91 48 63 54 4 92 97 82 55 9 31 89 20 75 72 38 0 15 45 78 10 93 13 59 74 39 95 60 49 80 88 8 23 42 76 29 81 46 7 67 57 17 83 30 2 24
TEST 62 ARG:70 8 75 24 63 11 97 83 78 98 29 30 46 10 79 52 6 86 95 56 99 88 50 48 43 57 36 35 38 13 54 34 92 85 59 3 69 61 18 1 82 28 64 91 71 40 66 93 44 94 17 53 9 72 87 21 41 51 2 80 16 81 39 67 65 77 31 68 74 20 62 4 12 15 22 84 37 55 26 27 45 96 5 90 19 14 76 23 58 89 73 47 32 33 25 0 60 49 7 42
TEST 63 ARG:97 66 63 57 30 32 52 43 33 0 51 74 82 91 67 44 23 25 84 4 16 94 29 9 34 69 55 62 92 42 80 68 17 12 65 86 28 49 18 60 79 83 35 20 22 37 7 10 96 89 40 2 47 81 5 46 90 48 39 76 99 14 56 26 3 93 11 75 38 98 19 77 50 27 72 21 15 54 24 71 36 1 61 41 87 59 70 6 53 45 88 95 64 73 58 8 85 31 13 78
TEST 64 ARG:61 17 22 43 90 93 69 38 55 75 15 29 98 34 41 42 45 31 26 49 13 25 24 88 81 19 7 95 67 63 30 65 28 1 20 92 99 27 6 47 56 50 52 2 18 9 12 84 10 44 64 78 74 62 68 58 73 86 72 91 53 11 48 14 21 94 4 36 70 59 16 23 87 71 5 80 54 85 77 96 82 8 40 79 33 51 39 66 76 0 35 3 32 83 97 60 89 57 37 46
TEST 65 ARG:52 17 3 20 81 45 39 1 16 70 57 32 24 78 95 73 0 83 47 26 50 11 67 99 72 6 59 92 2 35 38 79 77 85 62 23 4 8 82 75 64 60 96 89 18 76 34 49 44 94 68 91 86 22 61 10 90 9 93 5 14 53 58 7 65 84 13 54 41 88 21 37 30 46 42 51 43 27 33 66 25 29 74 55 98 97 56 31 15 80 71 28 12 40 69 19 87 63 36 48
TEST 66 ARG:36 46 82 79 54 3 61 27 15 24 43 68 49 39 23 5 99 48 63 29 71 47 4 7 33 42 59 76 8 74 41 2 52 93 75 88 87 34 84 9 30 97 6 94 22 66 11 60 64 65 17 32 45 53 69 44 56 19 25 51 91 31 86 55 38 26 21 90 50 72 28 80 40 67 0 89 78 20 35 62 95 1 92 10 14 13 83 58 16 96 37 98 77 57 18 70 12 81 85 73
TEST 67 ARG:9 77 72 6 69 79 97 10 38 26 66 32 48 83 7 12 5 19 35 90 33 41 30 75 40 61 98 3 34 37 29 94 74 64 45 8 43 47 55 81 21 89 84 1 93 53 50 44 18 92 58 23 0 80 52 82 96 73 78 85 86 20 63 88 16 57 76 17 24 59 49 65 99 39 54 91 14 60 67 28 46 2 31 87 22 51 62 13 71 95 56 4 42 68 27 11 15 70 25 36
TEST 68 ARG:54 72 84 82 39 31 36 65 56 74 81 71 34 57 63 68 92 55 79 48 58 16 80 0 52 75 51 44 91 18 29 37 1 50 11 97 6 30 60 25 2 94 28 23 88 66 95 15 20 17 78 99 87 64 69 38 67 12 59 40 9 90 24 83 32 86 33 21 76 13 10 35 14 8 53 73 62 5 98 61 96 70 85 3 45 43 77 22 47 27 89 46 4 93 42 41 7 26 49 19
TEST 69 ARG:42 9 70 8 62 1 22 65 59 91 98 23 46 28 71 74 53 88 16 25 27 55 57 80 43 31 0 12 92 26 20 73 76 90 75 19 95 97 21 54 2 47 93 36 61 77 79 87 48 40 89 64 17 63 37 78 81 5 84 7 15 69 32 58 38 99 13 94 6 34 51 35 83 14 29 10 68 11 66 49 60 41 33 18 39 30 86 52 3 72 45 24 44 67 82 4 85 50 56 96
TEST 70 ARG:3 97 69 99 4 72 68 70 45 93 1 66 84 26 48 54 8 75 36 44 98 32 38 95 7 57 0 42 19 37 33 56 5 41 91 40 80 71 29 55 31 67 2 92 87 30 52 6 63 17 24 94 90 74 27 83 81 50 59 82 73 34 49 46 10 89 61 64 20 13 39 60 18 47 16 22 28 76 11 77 86 35 62 85 23 58 14 96 51 78 25 65 88 15 12 79 43 21 9 53
TEST 71 ARG:5 74 21 87 1 49 24 89 4 69 30 26 16 9 33 70 39 13 35 52 40 55 90 23 38 86 78 97 93 50 61 45 46 17 64 53 96 8 98 99 92 71 51 14 88 62 28 6 31 37 42 79 63 43 84 66 59 12 25 57 7 44 72 80 27 0 32 68 22 75 2 54 83 81 56 10 19 94 15 73 20 95 67 48 65 41 77 11 82 34 76 91 3 58 85 60 36 18 47 29
TEST 72 ARG:18 80 56 74 44 60 25 77 93 68 66 14 8 86 96 42 47 64 78 45 63 58 22 37 41 48 98 5 0 3 82 33 26 59 83 46 84 13 35 91 19 24 16 69 92 51 10 28 70 43 54 79 90 99 11 49 53 20 38 21 40 97 27 55 87 9 30 34 52 94 71 15 57 29 7 4 32 76 23 2 6 17 89 67 75 12 61 85 88 36 95 65 50 62 39 72 73 1 31 81
TEST 73 ARG:95 38 88 60 77 70 49 82 56 62 7 92 50 58 43 19 79 93 17 41 8 67 40 20 73 55 81 32 74 89 24 14 5 90 84 65 39 13 29 96 25 85 51 0 99 3 68 57 9 64 4 23 27 71 18 97 98 76 59 80 35 54 94 78 15 46 11 21 61 66 36 72 34 47 69 22 87 63 31 10 12 52 42 28 16 45 91 1 37 33 44 26 30 6 53 2 83 86 75 48
TEST 74 ARG:24 95 14 13 16 56 27 37 0 43 46 73 30 93 49 8 97 65 20 77 44 81 98 41 69 55 62 78 59 25 50 33 88 47 34 54 91 26 84 58 79 71 29 92 36 86 28 70 76 96 53 75 57 72 18 67 52 23 39 61 4 51 48 11 85 80 19 6 66 32 82 1 22 3 35 94 10 87 68 17 2 42 40 60 38 63 83 99 89 31 15 5 74 12 9 90 21 45 7 64
TEST 75 ARG:3 12 48 75 74 89 54 52 21 37 94 86 97 24 20 96 10 79 82 69 32 13 18 47 43 23 31 16 40 46 91 30 66 26 7 64 70 56 61 71 73 59 80 0 41 83 95 19 29 4 38 22 9 67 63 15 90 11 8 85 1 5 49 57 81 53 62 55 14 6 77 60 17 42 99 78 27 28 39 93 51 45 72 98 25 92 88 65 34 87 68 36 50 76 2 84 58 33 35 44
TEST 76 ARG:22 57 77 19 11 52 53 14 73 48 45 30 4 75 64 38 85 12 81 17 55 26 59 71 72 36 80 41 93 92 70 18 43 98 88 31 21 27 86 5 7 60 96 94 82 79 49 28 35 66 20 47 16 58 25 1 84 37 74 65 9 62 50 34 61 95 10 99 24 13 67 63 90 2 87 68 39 54 40 29 3 32 33 56 89 78 42 6 69 76 23 44 46 97 8 0 91 83 15 51
TEST 77 ARG:78 24 50 99 46 52 33 30 91 69 8 7 98 81 21 39 49 17 92 85 67 48 55 88 34 26 23 90 22 18 53 87 38 95 31 32 13 54 37 10 61 47 65 64 28 93 36 79 27 12 77 70 86 60 16 45 82 83 43 9 62 84 94 57 41 89 1 19 96 4 20 15 66 25 56 71 44 3 63 68 73 75 58 40 0 97 5 51 59 14 29 74 6 76 11 2 72 42 80 35
TEST 78 ARG:49 74 24 68 53 21 34 27 92 69 5 50 45 7 55 87 89 58 64 16 33 97 67 81 17 36 22 52 28 46 0 83 72 10 35 43 94 66 88 63 42 38 23 3 12 79 39 75 84 32 86 8 41 61 4 93 96 82 57 25 56 65 13 44 11 77 48 37 6 31 19 78 26 95 90 71 29 14 73 70 40 15 62 47 51 54 20 9 2 99 80 76 30 18 85 98 59 91 60 1
TEST 79 ARG:51 47 62 38 95 19 92 54 90 1 40 34 55 97 84 81 15 59 9 4 71 35 58 75 13 26 29 76 45 56 25 63 36 80 86 79 48 30 64 66 20 22 31 99 44 78 42 18 11 89 82 27 93 2 21 53 68 8 14 50 32 46 7 72 88 0 23 91 24 28 33 49 16 6 83 41 70 43 77 37 17 94 3 39 87 65 60 85 10 61 96 73 98 52 74 67 5 57 69 12
TEST 80 ARG:98 92 94 63 88 36 75 17 81 78 86 68 45 49 76 54 3 0 83 40 6 9 62 15 5 85 28 8 90 35 73 18 84 53 55 56 89 24 69 1 71 23 80 11 37 39 14 25 27 29 32 50 26 61 82 97 48 38 16 7 91 30 99 70 64 34 87 60 33 2 74 22 59 46 44 10 65 72 58 47 31 21 13 51 41 20 66 4 79 67 19 96 95 52 77 57 93 42 12 43
TEST 81 ARG:36 41 8 87 83 4 73 77 18 26 94 11 84 67 30 38 2 17 34 48 21 22 44 43 9 46 57 55 54 25 15 23 31 78 60 92 40 72 80 49 13 42 74 10 98 32 12 99 96 29 59 51 53 56 6 68 75 93 70 89 45 0 61 86 7 5 63 82 52 85 88 69 71 27 66 50 90 3 76 64 20 79 35 33 37 24 81 47 65 1 62 58 95 91 28 19 14 39 97 16
TEST 82 ARG:20 21 92 14 94 47 63 42 40 23 62 18 76 84 22 57 72 83 27 74 5 55 4 49 73 64 15 3 95 75 32 81 12 50 78 80 82 48 25 79 39 38 6 59 34 7 26 43 96 17 11 52 87 8 54 98 46 61 99 44 69 77 65 66 0 71 85 56 88 90 53 89 10 31 67 58 35 1 51 45 37 9 29 30 13 97 60 93 16 19 28 91 68 41 70 86 2 33 24 36
TEST 83 ARG:4 28 87 75 44 8 77 58 68 93 63 89 50 83 35 69 56 96 26 27 98 17 76 64 86 48 39 71 5 72 20 66 43 59 73 16 99 67 54 7 61 11 62 49 23 95 51 92 6 40 79 34 32 36 30 90 42 88 74 21 24 57 84 18 12 1 65 25 60 9 70 19 55 31 78 47 0 10 15 2 80 22 3 52 38 41 14 46 13 91 81 82 97 37 94 29 33 53 85 45
TEST 84 ARG:93 8 68 76 45 42 95 91 94 43 64 46 84 60 80 98 13 92 29 4 16 58 73 87 53 70 19 63 50 41 62 3 71 57 15 40 7 48 75 74 56 14 59 72 30 36 55 38 28 47 34 69 0 89 52 23 81 61 10 35 49 1 90 17 78 11 32 9 79 44 25 31 22 77 18 66 82 21 96 54 5 33 83 99 65 85 12 67 6 20 2 86 27 88 97 37 24 51 26 39
TEST 85 ARG:99 94 64 48 13 25 35 74 59 60 34 70 12 22 85 4 76 90 55 89 21 93 56 91 11 75 88 29 26 71 87 49 28 72 1 80 9 23 52 17 40 19 63 69 3 6 43 37 18 0 7 92 32 68 79 67 54 57 65 47 50 96 61 84 39 15 42 46 20 38 83 45 24 86 16 73 58 53 2 44 14 8 78 51 82 5 81 41 95 97 62 31 77 30 36 27 98 33 66 10
TEST 86 ARG:57 85 79 55 78 48 23 86 20 95 34 66 74 0 80 77 3 52 97 81 75 82 29 10 56 46 47 45 1 63 17 21 68 38 90 87 88 41 94 16 44 84 7 49 98 33 91 18 9 70 64 67 25 60 58 96 43 14 11 19 59 42 76 71 53 73 4 72 62 15 12 5 28 2 6 22 30 39 83 61 31 26 24 50 92 13 35 32 40 54 99 69 89 36 93 37 8 51 65 27
TEST 87 ARG:85 95 88 45 72 83 46 42 89 5 35 47 13 61 44 20 54 25 86 34 18 80 22 79 55 37 3 94 62 8 68 81 97 84 48 99 15 96 49 26 90 82 31 21 1 36 59 60 32 50 43 69 14 38 98 78 7 51 29 30 91 24 27 4 40 23 41 67 75 2 12 63 73 0 74 52 10 16 39 93 76 92 65 87 64 77 71 66 17 28 9 33 70 57 56 58 19 53 6 11
TEST 88 ARG:8 63 39 3 26 50 48 55 15 75 49 4 91 90 99 19 36 33 95 10 52 82 97 54 42 32 5 89 76 93 18 12 85 53 81 16 57 78 34 17 43 92 35 38 71 11 84 28 68 45 72 51 96 44 56 73 65 23 66 86 61 37 7 47 41 6 1 2 88 14 79 69 21 13 83 29 25 22 67 64 46 24 80 94 0 62 74 20 27 59 60 77 9 31 58 30 87 40 70 98
TEST 89 ARG:0 94 67 93 79 71 78 23 29 54 47 56 68 85 96 91 4 30 80 64 15 27 37 34 33 52 99 38 19 40 2 73 86 21 62 31 48 22 61 50 26 44 65 39 43 89 12 14 60 81 95 90 5 9 42 55 70 69 35 7 49 75 74 97 45 66 92 59 17 58 84 82 36 41 98 3 25 57 24 46 32 10 87 63 77 6 53 76 8 18 11 83 72 28 88 16 20 13 1 51
TEST 90 ARG:77 97 35 71 23 70 30 31 55 25 1 91 86 15 83 18 76 41 50 56 89 43 17 4 74 94 62 90 14 48 6 58 98 82 47 21 24 19 5 69 61 7 13 65 64 67 51 73 33 68 44 0 87 80 79 22 26 95 53 72 96 59 81 36 85 93 99 11 10 2 75 45 29 3 16 88 60 12 78 28 63 49 8 39 66 84 52 57 27 42 37 92 32 34 38 46 40 54 20 9
TEST 91 ARG:57 35 59 7 19 72 93 98 12 67 5 96 16 83 84 40 38 10 86 42 89 69 45 80 56 43 1 99 51 71 15 6 31 73 63 18 25 66 8 49 81 77 0 54 22 78 94 41 75 20 4 26 76 27 9 87 52 3 85 37 68 30 65 13 33 53 23 44 70 92 50 28 82 2 60 17 55 29 48 34 11 61 79 36 14 91 97 21 62 58 46 95 47 64 39 32 90 24 74 88
TEST 92 ARG:40 25 73 51 29 65 82 15 14 46 11 86 34 90 6 54 89 16 5 13 38 43 47 45 66 55 98 56 10 64 1 23 96 74 8 30 92 31 81 20 4 26 61 79 58 60 27 80 77 7 71 21 42 41 50 85 18 76 75 88 69 0 94 99 12 67 37 2 72 17 93 9 87 36 63 68 49 97 24 28 83 78 53 91 32 39 70 59 19 52 95 44 62 57 48 35 22 3 84 33
TEST 93 ARG:2 89 26 60 96 30 45 93 47 74 64 17 83 19 49 0 67 72 6 10 92 79 11 77 88 66 90 41 53 16 25 69 50 40 63 70 51 22 23 54 48 36 31 3 38 71 84 59 76 62 24 85 35 7 65 61 58 8 18 12 46 4 43 78 32 44 91 34 9 73 13 20 28 94 80 42 86 21 37 15 39 81 5 75 55 68 1 97 14 95 52 56 33 87 29 98 57 99 27 82
TEST 94 ARG:16 85 38 58 31 64 50 81 95 28 43 69 33 5 48 41 91 94 32 68 7 93 0 88 99 71 51 53 87 29 47 6 30 74 39 2 56 21 20 19 27 82 22 14 11 13 89 3 54 62 36 77 70 59 83 40 8 98 1 78 55 17 79 26 72 37 23 97 24 46 92 66 34 84 76 52 42 12 75 90 61 60 49 15 44 57 35 80 67 63 4 9 86 65 73 96 18 45 10 25
TEST 95 ARG:4 56 63 88 41 68 91 29 14 77 84 30 95 94 93 89 60 99 15 28 47 31 76 85 1 49 18 38 52 32 13 58 27 96 83 98 6 53 71 61 34 97 0 46 11 26 82 24 67 78 3 40 16 12 64 19 72 44 33 69 70 23 25 51 42 87 8 74 10 22 80 45 35 54 90 81 86 5 75 2 7 21 55 37 79 66 43 62 17 92 39 73 36 20 9 50 65 57 48 59
TEST 96 ARG:62 22 4 93 99 7 88 91 13 6 76 65 66 80 2 55 77 50 71 74 60 87 47 28 94 9 36 85 45 57 43 72 31 26 75 18 92 19 11 98 29 58 44 78 90 97 79 23 14 39 0 8 37 1 38 83 35 59 25 12 84 5 64 70 21 63 10 32 46 96 61 89 81 51 33 73 54 68 30 53 24 15 40 41 48 42 86 34 17 27 16 52 95 69 67 56 49 82 20 3
TEST 97 ARG:95 14 93 42 11 59 2 32 0 90 40 26 97 82 75 69 73 33 12 56 87 5 15 23 28 83 99 78 68 89 22 44 86 58 81 88 21 37 4 92 64 48 19 36 79 52 24 71 18 20 98 38 80 47 72 35 45 43 96 31 91 50 74 9 27 51 49 66 30 8 76 16 70 77 41 53 61 60 34 1 3 63 84 7 67 6 39 65 62 54 29 10 55 17 25 85 57 46 94 13
TEST 98 ARG:54 92 89 84 69 8 58 95 91 14 40 79 73 74 56 52 38 59 17 16 53 41 47 33 65 29 45 44 5 23 9 43 72 15 39 68 64 32 36 98 86 93 55 3 75 19 21 99 70 6 88 90 7 78 20 12 26 18 4 80 85 61 94 83 0 49 2 37 66 11 46 62 76 50 42 24 71 28 48 77 31 34 97 30 10 96 22 82 35 63 27 1 60 81 13 57 67 25 87 51
TEST 99 ARG:49 4 65 64 1 83 61 27 13 54 20 24 10 93 26 9 28 84 63 98 47 36 22 86 8 58 60 19 66 94 23 12 46 39 50 71 78 89 11 70 90 52 75 44 33 53 32 88 30 79 85 35 6 37 97 42 56 74 67 16 99 21 25 68 91 87 29 18 95 41 55 72 92 81 14 69 15 38 34 0 82 40 31 73 17 43 2 80 77 7 5 48 59 76 51 62 96 3 57 45
TEST 100 ARG:71 56 53 57 27 73 21 96 64 16 75 41 74 84 17 52 4 69 26 30 61 60 29 87 83 51 1 13 99 35 11 36 93 95 37 92 5 12 45 32 86 81 79 72 63 42 3 0 8 78 9 48 98 66 54 76 34 70 49 55 88 23 67 40 31 90 18 7 46 68 89 94 10 47 22 24 77 25 14 80 97 82 2 44 65 85 50 43 28 20 91 15 19 33 6 58 59 62 39 38
TEST 101 ARG:31 27 63 39 7 0 88 42 92 50 55 19 46 18 36 25 96 66 84 21 68 35 65 78 2 89 6 72 12 47 54 15 64 37 83 97 99 71 45 53 5 33 38 79 91 60 59 94 93 81 23 86 3 61 62 74 70 75 1 76 87 9 49 73 30 82 80 51 44 69 90 98 41 52 22 29 57 43 34 16 85 17 28 24 4 11 48 26 56 20 10 58 13 95 14 8 40 32 67 77
TEST 102 ARG:15 69 42 55 52 89 87 35 66 75 19 59 29 47 11 5 54 44 50 0 2 10 25 33 38 58 88 34 51 53 82 4 78 8 26 6 43 24 68 14 77 41 39 72 62 70 98 84 83 57 22 23 94 9 36 30 99 91 64 71 21 48 81 18 97 92 73 28 46 17 74 80 93 13 79 49 63 67 96 85 65 95 45 12 60 3 31 56 20 27 61 1 86 37 16 40 7 76 32 90
TEST 103 ARG:13 37 85 6 80 89 75 16 79 66 96 3 23 0 84 98 36 30 55 59 91 21 43 50 92 68 97 2 19 34 53 20 51 83 90 18 42 10 31 60 15 32 99 52 1 8 57 47 71 94 29 41 14 77 86 58 69 38 76 25 46 93 26 44 28 17 72 82 73 54 81 78 7 63 87 27 67 40 11 4 5 45 35 9 95 62 88 48 74 61 64 49 22 56 24 39 12 33 70 65
TEST 104 ARG:91 54 95 52 24 98 57 3 92 30 68 12 81 1 6 14 87 82 38 63 93 23 89 50 44 65 49 83 20 40 86 70 69 8 17 55 11 35 62 51 26 9 7 72 10 42 33 16 19 75 96 84 27 37 97 79 47 36 78 5 4 31 28 39 13 94 46 71 67 77 25 99 88 74 56 41 60 43 32 80 18 15 64 45 29 66 73 90 34 76 58 22 61 2 59 85 21 48 0 53
TEST 105 ARG:14 36 63 19 12 31 6 78 75 2 54 96 22 34 86 56 74 94 81 65 11 73 67 80 71 68 97 69 58 17 13 85 45 77 35 42 43 38 70 53 40 23 46 55 79 47 32 10 57 7 30 44 59 27 76 88 15 72 98 82 16 93 95 52 33 9 49 60 18 91 87 0 37 41 90 89 61 64 29 8 26 21 66 99 48 62 83 92 25 20 39 84 3 28 24 1 51 5 4 50
TEST 106 ARG:34 91 12 76 35 68 72 69 21 99 23 41 87 60 50 92 79 20 81 54 36 38 33 88 80 44 2 10 32 98 15 67 26 47 71 62 27 25 45 9 37 83 61 28 0 59 18 58 30 95 14 19 78 46 39 90 70 8 31 75 48 29 55 16 53 7 17 11 94 74 13 3 82 84 52 65 63 40 42 85 73 51 93 22 64 49 56 43 4 24 1 66 6 89 57 77 86 5 96 97
TEST 107 ARG:31 66 40 24 18 47 0 22 44 51 45 20 60 6 9 86 83 67 37 2 39 17 34 69 89 49 25 74 77 46 73 96 55 5 79 48 58 84 21 93 87 1 71 23 97 43 16 61 15 76 57 63 13 27 91 98 92 80 82 3 29 32 28 12 35 56 75 65 94 59 36 33 52 41 26 14 54 53 78 95 38 50 88 19 62 7 4 68 99 30 72 81 10 70 11 90 85 64 42 8
TEST 108 ARG:11 67 7 5 45 4 22 24 62 75 96 99 66 57 83 0 76 81 47 86 27 84 87 34 32 90 65 51 30 72 79 68 92 26 10 20 2 85 58 3 6 17 49 15 48 42 54 39 80 53 33 95 23 19 40 91 56 74 70 77 18 69 21 14 98 41 97 1 55 46 29 38 64 31 73 89 94 82 44 16 25 61 52 28 43 35 59 63 8 12 37 78 50 9 71 13 88 36 93 60
TEST 109 ARG:16 27 95 74 6 69 59 47 5 43 4 82 75 70 9 58 85 19 45 12 96 99 50 89 11 36 91 76 1 28 34 23 13 41 71 73 18 30 44 51 63 26 84 93 8 78 39 77 55 10 0 14 46 22 52 7 29 35 68 21 60 20 67 94 24 98 80 83 66 81 86 37 49 15 61 62 25 97 3 79 42 17 92 33 64 40 32 2 38 54 72 57 90 65 56 53 31 87 48 88
TEST 110 ARG:68 46 25 65 64 54 22 50 41 27 24 16 5 15 17 97 60 66 88 69 37 89 80 77 42 45 55 20 18 91 43 82 73 40 6 30 35 85 21 36 33 74 23 7 79 31 19 92 76 28 47 96 94 58 56 0 61 9 13 4 71 62 52 70 78 38 26 59 44 3 32 98 14 29 90 95 53 87 63 93 39 34 8 11 1 2 81 84 72 75 49 57 99 83 48 12 67 86 51 10
TEST 111 ARG:66 73 62 56 64 11 4 90 12 46 72 76 34 77 86 85 7 55 38 79 78 87 27 2 82 98 74 50 65 37 32 42 45 58 19 97 28 93 0 47 60 40 13 48 57 14 61 59 81 80 84 95 89 49 9 53 94 6 29 67 71 99 24 33 21 43 17 70 30 83 44 63 10 91 22 75 5 96 3 31 26 39 51 92 68 1 18 41 69 54 15 36 25 88 20 52 23 8 35 16
TEST 112 ARG:60 12 79 8 75 61 83 63 27 24 59 28 43 34 90 11 17 80 85 62 9 99 57 74 44 13 56 33 0 26 35 41 77 15 50 96 95 76 45 4 48 16 86 14 97 38 87 32 46 31 21 94 20 3 78 29 73 92 36 30 88 91 51 47 2 1 69 98 67 42 84 55 64 58 93 53 65 22 89 66 70 19 39 37 49 6 72 82 23 54 68 18 10 71 7 40 25 52 5 81
TEST 113 ARG:55 34 32 27 95 92 86 57 94 63 17 64 65 74 58 79 28 90 84 43 60 99 52 88 66 47 98 10 48 30 29 62 21 39 68 45 82 13 54 50 18 91 87 75 81 8 78 89 67 25 35 19 40 77 96 73 70 85 2 4 61 41 59 24 71 37 51 23 22 7 72 12 83 26 0 36 15 20 93 53 5 1 33 11 14 38 56 9 16 3 49 97 76 69 80 46 31 44 42 6
TEST 114 ARG:47 61 88 29 41 21 67 60 63 89 25 77 35 14 39 96 53 95 52 5 3 11 37 15 85 84 18 31 62 97 6 64 23 86 27 92 58 34 75 12 26 30 82 55 54 80 87 43 71 9 13 10 7 17 91 68 49 2 19 74 45 4 33 1 32 90 38 72 40 79 44 83 98 93 99 76 46 20 0 65 78 69 57 56 8 51 24 36 94 28 48 59 50 16 66 73 81 70 22 42
TEST 115 ARG:16 61 79 9 52 78 22 28 71 41 64 4 59 43 84 82 45 60 30 65 97 25 76 57 68 37 47 19 31 6 92 8 80 53 48 91 38 74 3 10 90 36 34 39 49 23 86 26 56 81 18 58 42 13 1 40 54 27 11 5 46 77 7 29 99 88 95 96 98 85 73 44 83 62 67 50 15 24 51 17 20 87 75 69 21 55 70 72 66 89 33 94 32 35 93 63 0 2 14 12
TEST 116 ARG:45 69 17 36 22 79 95 93 8 56 34 14 91 64 50 90 43 18 67 66 84 46 0 57 44 29 60 55 47 92 42 40 83 12 68 74 78 30 98 38 13 35 81 6 80 58 59 7 73 52 61 11 77 16 71 23 75 27 9 89 76 48 87 62 19 88 94 4 53 26 86 41 2 70 51 99 24 85 15 63 72 65 25 49 10 97 20 28 33 1 82 37 96 54 31 5 39 32 21 3
TEST 117 ARG:9 85 48 32 27 1 83 33 69 7 53 26 78 91 16 87 6 22 98 99 29 86 2 35 54 25 44 60 74 66 38 43 21 30 72 77 97 52 10 96 57 75 18 17 3 5 94 59 71 68 95 23 88 28 20 92 8 79 24 80 70 76 84 73 93 47 89 90 15 63 12 37 49 58 42 67 61 11 45 4 34 39 62 14 36 50 40 56 82 13 46 55 65 0 19 64 51 81 41 31
TEST 118 ARG:77 95 84 78 14 90 71 75 43 54 36 82 62 37 26 5 18 79 29 56 31 60 88 32 91 11 66 22 94 28 33 61 47 40 64 86 48 51 89 49 65 58 96 67 35 70 52 6 76 25 13 20 38 3 99 23 15 85 19 9 34 4 83 7 87 21 24 50 46 92 16 42 74 8 81 98 0 17 57 27 55 39 44 12 63 72 1 93 2 53 97 30 80 69 10 45 41 73 68 59
TEST 119 ARG:75 0 22 38 33 66 61 73 71 14 69 87 85 30 63 6 2 56 7 25 91 8 37 19 96 46 18 49 98 53 29 65 58 77 44 15 20 90 74 9 16 64 23 47 57 24 81 88 70 79 17 35 10 31 13 4 67 42 78 21 5 32 40 95 68 45 12 54 94 43 92 99 84 41 76 52 11 72 50 36 27 59 34 3 62 1 93 51 82 39 86 89 26 60 97 28 80 83 55 48
TEST 120 ARG:29 10 76 89 55 27 60 53 99 28 6 9 97 20 67 44 66 5 26 24 32 43 34 95 49 7 54 58 61 39 75 94 19 80 65 36 2 21 73 63 0 68 22 42 70 47 56 81 37 85 23 15 84 48 82 92 8 14 16 79 77 12 98 83 40 35 91 41 46 71 64 3 69 51 38 1 52 88 74 78 30 45 90 72 13 17 59 86 31 62 4 57 11 50 87 33 96 93 25 18
TEST 121 ARG:56 46 48 92 95 94 43 71 8 54 89 11 72 2 64 66 78 15 87 49 34 6 63 69 90 59 21 38 70 98 58 74 32 19 93 35 82 33 44 9 5 40 52 91 1 7 75 51 97 62 80 84 99 83 26 50 88 23 24 28 31 42 55 30 29 37 39 4 3 47 76 68 27 61 86 14 41 45 25 17 0 20 10 22 81 36 60 18 16 67 13 12 65 73 53 96 85 79 77 57
TEST 122 ARG:23 12 33 27 94 58 87 30 14 48 60 67 82 62 31 20 54 28 42 49 18 90 64 46 34 37 32 2 26 1 98 5 47 53 88 75 57 95 24 92 97 52 78 6 73 19 25 76 29 9 41 50 35 74 13 99 39 17 0 44 66 8 43 11 79 72 89 3 65 96 16 68 55 21 59 56 51 91 63 7 38 69 84 10 15 77 86 93 85 61 71 36 22 4 70 40 83 80 45 81
TEST 123 ARG:59 49 80 4 35 77 97 0 78 73 84 38 28 48 20 32 1 72 26 89 5 87 39 70 52 12 29 6 16 7 13 75 54 19 69 63 33 60 92 44 64 66 53 96 45 37 42 47 11 24 3 56 43 95 86 81 83 98 27 99 61 62 18 58 93 91 46 55 65 82 25 50 68 17 2 10 85 90 51 79 21 36 76 34 8 22 67 31 71 30 88 9 14 74 41 40 15 57 23 94
TEST 124 ARG:68 61 70 95 86 94 5 96 31 36 1 34 73 75 74 93 3 7 25 8 78 29 67 32 49 47 39 54 79 24 71 0 57 58 84 72 28 13 22 63 62 85 66 50 91 80 12 17 44 83 87 9 21 15 59 42 65 2 27 82 89 33 23 77 92 30 76 14 64 98 35 99 37 56 10 52 46 6 51 53 97 26 69 55 48 81 60 16 45 20 38 19 90 40 11 43 4 88 41 18
TEST 125 ARG:7 43 23 41 81 28 50 1 5 95 35 52 15 26 85 64 76 68 9 57 62 90 70 42 91 30 73 93 48 29 98 78 14 99 66 45 33 40 88 86 18 83 89 36 20 39 96 21 22 27 82 6 32 71 16 56 60 24 17 38 59 69 47 31 12 34 54 77 2 63 72 55 84 25 37 13 74 19 79 10 65 3 61 51 92 67 97 87 11 94 46 4 80 53 0 58 44 75 8 49
TEST 126 ARG:17 22 10 21 59 24 25 71 55 13 15 69 34 70 64 41 35 54 47 73 45 32 84 53 66 56 58 89 38 19 28 74 16 95 65 52 7 85 50 40 31 83 60 94 77 51 76 3 23 79 1 0 91 8 62 98 11 43 27 92 30 57 6 37 2 4 63 78 42 88 80 12 26 97 90 39 75 48 81 46 67 93 5 82 49 61 18 29 99 87 9 20 33 96 36 44 14 72 68 86
TEST 127 ARG:4 31 83 21 48 55 17 24 66 6 16 57 34 28 29 15 18 45 58 63 65 38 94 46 36 19 35 5 11 52 92 75 3 99 97 72 25 91 23 51 80 79 12 61 86 96 41 69 13 85 8 78 87 49 73 56 84 26 14 32 68 95 20 40 7 98 50 10 89 53 43 54 39 88 2 67 30 82 44 60 71 22 93 90 27 0 42 70 64 9 76 47 59 74 62 81 1 33 37 77
TEST 128 ARG:28 68 10 88 18 5 39 81 79 41 98 65 59 13 73 57 86 14 2 91 94 46 32 84 11 29 62 66 60 21 45 72 40 6 36 22 24 16 42 47 48 52 37 89 61 38 15 74 93 0 83 3 44 75 25 26 54 82 67 64 8 77 85 30 78 43 96 35 27 33 90 50 31 69 97 7 71 49 17 70 51 4 9 99 92 34 63 76 80 87 58 12 53 1 20 56 95 55 19 23
TEST 129 ARG:8 89 7 66 68 43 17 97 2 88 25 51 74 32 6 18 53 86 11 94 73 35 64 90 57 1 56 41 55 38 26 50 42 13 21 71 95 62 76 61 33 72 98 29 87 54 48 36 14 20 60 80 16 31 49 77 67 4 93 70 91 22 69 45 3 27 96 10 52 83 78 44 40 59 46 34 79 58 85 12 0 63 15 30 23 82 39 81 47 99 92 5 19 9 24 65 28 75 84 37
TEST 130 ARG:46 8 85 80 10 29 97 59 88 82 77 65 62 33 36 64 13 98 47 69 86 61 84 93 90 12 30 39 83 44 15 25 91 54 57 68 50 78 75 19 42 26 43 41 53 4 34 14 31 28 9 16 35 60 76 38 79 37 81 70 71 11 92 58 32 23 1 73 63 96 20 66 89 67 17 2 3 21 48 18 87 72 52 7 95 55 94 56 6 0 27 24 74 99 22 5 51 40 49 45
TEST 131 ARG:98 69 22 59 11 60 71 50 16 30 89 21 68 47 25 61 46 96 4 82 37 14 88 29 72 35 93 74 75 97 99 70 6 5 86 2 17 51 18 41 8 66 90 65 19 20 73 49 87 0 79 39 26 56 53 27 85 43 83 42 24 58 94 32 44 7 9 34 64 92 84 38 12 33 67 62 81 31 57 36 63 54 10 28 52 80 45 95 77 78 48 15 13 55 1 76 23 91 40 3
TEST 132 ARG:87 55 37 25 60 12 41 46 22 21 84 80 77 58 96 18 4 59 2 27 40 85 89 86 29 81 6 75 24 50 38 72 65 9 91 69 30 28 90 5 71 31 73 76 7 70 14 56 92 19 23 68 20 17 62 45 83 67 3 63 54 88 8 94 0 64 15 43 26 74 93 11 82 35 13 10 33 42 99 32 48 51 61 95 1 47 79 97 57 66 44 52 34 53 39 78 36 49 16 98
TEST 133 ARG:33 85 21 55 11 37 22 88 14 45 80 63 39 81 13 98 77 87 99 56 58 35 51 82 62 90 24 38 36 3 73 41 96 43 20 27 34 76 5 47 18 0 16 10 57 9 97 53 50 4 26 66 40 95 19 89 17 42 60 23 31 83 12 32 84 61 49 93 94 29 91 25 86 79 67 74 64 68 28 65 52 6 78 44 70 54 7 8 46 15 1 30 75 92 69 2 48 59 72 71
TEST 134 ARG:83 40 51 19 1 94 74 28 24 80 64 87 98 84 15 3 38 75 78 77 90 93 67 31 70 41 27 7 25 13 23 26 72 69 42 54 66 81 91 32 48 65 14 47 59 45 68 37 60 89 16 79 5 73 58 55 53 10 11 4 20 0 29 96 8 36 92 12 44 30 99 61 6 76 17 18 95 34 56 97 52 88 57 85 33 39 50 22 62 43 49 2 9 82 46 21 63 35 86 71
TEST 135 ARG:11 18 79 51 31 22 41 14 25 87 78 88 63 21 23 34 83 50 84 52 27 98 66 6 73 93 70 49 24 42 4 10 44 76 0 80 56 99 71 32 67 40 16 47 7 89 60 20 74 29 53 35 64 72 77 43 8 96 28 33 97 13 90 92 95 12 94 55 57 19 38 68 61 3 69 2 59 36 82 1 17 54 39 15 91 62 86 58 5 30 9 37 46 75 65 48 81 45 85 26
TEST 136 ARG:56 79 77 64 20 59 76 91 42 63 78 7 33 18 15 87 94 88 28 41 9 49 72 99 96 26 8 65 46 10 19 31 73 74 97 29 89 58 23 17 70 57 43 3 39 80 67 51 40 47 90 38 68 25 1 37 13 60 82 36 2 45 62 4 55 27 69 30 53 81 85 16 61 0 98 52 11 93 95 22 44 24 21 12 54 50 66 71 86 48 14 35 34 6 75 5 83 92 32 84
TEST 137 ARG:77 98 17 13 36 28 70 21 55 82 92 15 50 99 71 19 0 4 16 7 14 23 51 89 31 90 57 6 64 32 18 91 39 95 20 66 10 44 48 85 46 3 42 8 96 83 49 87 67 9 60 65 93 2 59 29 38 22 41 37 80 74 34 12 24 56 53 72 1 63 76 52 84 45 35 30 94 33 81 78 62 5 73 58 54 79 69 61 47 11 68 97 40 43 75 25 26 27 86 88
TEST 138 ARG:83 42 14 48 61 0 69 31 11 82 49 77 2 43 29 23 59 84 74 75 24 38 4 1 20 57 22 58 28 15 53 47 63 9 85 81 5 34 95 91 98 18 35 54 79 80 17 60 64 51 94 89 25 46 70 97 86 13 30 16 67 7 56 87 68 32 19 26 65 45 33 78 27 37 93 62 21 12 73 41 99 8 92 10 76 55 71 96 90 50 40 3 36 44 88 66 72 52 39 6
TEST 139 ARG:97 19 0 83 79 93 59 35 10 58 73 49 80 20 45 46 37 30 86 66 55 27 88 13 9 3 68 44 17 47 72 25 91 24 48 96 57 87 71 36 29 60 75 1 42 39 5 40 16 69 62 15 52 98 99 28 33 6 18 7 94 65 56 4 32 11 82 78 74 54 34 67 89 12 21 64 70 53 23 77 31 26 2 38 95 76 85 14 51 92 63 43 61 22 50 81 84 41 90 8
TEST 140 ARG:95 60 31 73 62 61 38 54 80 16 97 28 90 36 99 43 15 87 68 76 92 93 0 75 7 46 63 11 91 72 59 51 42 71 96 48 45 44 14 24 12 69 21 4 79 20 13 37 98 78 8 84 86 1 83 70 9 26 2 82 65 10 67 74 23 66 25 34 41 50 27 32 53 58 55 56 18 57 6 77 47 49 89 88 81 40 52 3 5 64 17 94 35 39 22 33 30 29 19 85
TEST 141 ARG:11 52 88 36 30 49 45 72 16 75 66 44 0 97 50 61 93 58 7 13 14 85 73 10 69 43 42 3 12 94 1 47 22 15 51 86 27 35 29 90 79 48 21 4 26 68 53 5 2 83 59 74 19 96 98 55 63 6 31 60 9 57 41 64 38 80 84 32 70 89 37 77 23 20 33 65 8 78 76 56 24 91 67 92 25 95 54 40 82 62 28 81 39 87 18 17 46 99 71 34
TEST 142 ARG:17 7 51 83 50 68 44 14 0 73 16 95 36 4 8 12 84 9 3 90 67 25 37 66 65 39 53 81 77 74 10 15 82 79 59 49 1 57 5 52 71 27 93 31 13 42 43 87 34 64 98 46 32 40 19 30 23 69 41 22 11 78 86 96 48 35 29 70 92 20 89 56 24 85 75 55 97 61 2 62 88 99 63 60 47 28 80 21 54 38 58 26 94 72 18 45 6 76 91 33
TEST 143 ARG:49 42 87 88 31 57 97 6 26 19 84 62 55 44 1 82 63 47 30 79 33 50 52 68 45 38 95 99 51 4 14 90 32 7 92 11 94 16 64 28 66 54 46 91 20 93 43 70 96 61 0 9 65 98 48 8 85 59 71 24 81 76 60 12 72 83 58 75 5 25 29 36 34 22 18 73 40 23 27 86 78 2 10 41 89 37 35 13 74 56 17 67 3 77 69 80 21 39 15 53
TEST 144 ARG:58 52 42 96 68 4 76 54 65 47 8 24 3 89 33 84 41 35 61 87 6 14 26 37 56 49 85 2 19 5 78 17 57 72 45 40 11 15 22 86 7 98 55 39 83 51 77 71 9 46 12 94 74 25 53 99 62 18 10 36 90 13 79 95 88 67 20 92 38 21 82 59 1 31 23 80 93 34 73 16 0 44 28 66 75 29 48 30 64 70 69 43 60 32 91 27 63 81 50 97
TEST 145 ARG:10 47 60 35 92 53 87 62 61 91 99 29 15 46 38 42 84 72 76 48 51 78 26 98 66 44 1 75 57 67 28 18 74 73 33 7 85 4 0 11 25 86 36 50 14 64 80 89 79 9 22 5 65 20 55 83 37 52 16 88 23 93 68 3 54 6 90 41 31 30 39 21 63 77 2 96 82 56 17 45 27 95 81 40 70 8 58 43 97 34 69 94 59 12 19 24 71 32 13 49
TEST 146 ARG:68 82 64 51 44 52 41 27 78 7 34 73 85 95 56 67 75 19 21 13 94 50 16 31 83 62 11 86 81 17 98 49 20 84 35 93 76 2 45 61 9 23 39 97 55 28 38 91 1 88 25 29 14 79 36 0 70 54 18 37 69 96 40 26 65 87 60 22 58 57 47 48 6 3 32 77 24 63 99 90 30 71 5 59 43 80 66 53 92 8 12 42 89 74 15 10 4 72 46 33
TEST 147 ARG:32 16 38 60 89 6 35 59 78 73 49 99 4 28 33 53 68 81 31 24 37 77 52 58 0 46 42 7 65 56 8 21 26 70 50 72 57 2 69 43 97 64 30 79 41 22 95 48 25 74 83 87 29 3 27 40 96 76 90 82 92 85 63 39 66 84 88 15 17 61 55 51 13 91 80 44 62 94 75 9 19 12 18 14 67 93 54 71 20 98 45 34 23 47 11 86 36 10 5 1
TEST 148 ARG:75 46 44 26 54 85 13 72 25 33 16 45 93 53 76 78 62 52 17 94 20 68 64 18 27 56 30 66 24 79 47 31 2 35 60 8 49 41 19 74 42 15 95 11 28 43 61 22 59 23 51 12 10 0 77 92 81 82 36 98 34 69 5 14 57 39 29 38 80 83 86 71 7 67 97 96 73 4 21 48 89 9 88 63 1 99 65 50 91 32 87 55 90 37 58 84 40 3 70 6
TEST 149 ARG:8 54 33 70 10 30 71 29 82 52 4 36 32 97 83 21 76 28 94 58 93 68 40 73 47 18 74 75 89 44 1 43 31 3 51 67 11 14 34 5 19 53 90 91 25 16 35 84 42 57 46 65 13 39 12 23 64 78 49 63 48 37 0 26 15 72 50 38 7 61 2 17 81 77 95 22 86 88 9 98 60 87 24 80 85 62 56 55 59 41 45 79 6 27 99 96 20 92 69 66
TEST 150 ARG:60 37 9 10 15 11 79 50 57 54 56 64 97 25 17 51 46 24 95 73 29 91 93 75 42 71 69 74 4 68 90 81 23 0 55 62 66 36 3 99 72 87 20 61 85 6 16 70 5 28 92 89 7 34 45 65 77 31 98 33 80 19 63 67 41 14 88 44 1 27 43 94 78 82 40 8 96 58 38 48 32 49 26 47 52 84 59 22 35 86 18 76 21 12 13 30 53 83 2 39
TEST 151 ARG:27 89 96 9 71 91 36 99 42 3 93 68 2 46 8 33 13 31 10 86 65 60 15 81 58 39 62 44 76 82 98 5 87 49 30 26 59 20 18 32 56 73 34 51 90 7 57 77 95 40 29 84 94 0 14 79 53 83 21 4 6 92 16 70 17 22 67 97 80 12 85 1 25 74 24 52 72 41 38 63 75 37 11 78 66 55 28 47 61 69 48 45 88 19 35 54 64 23 50 43
TEST 152 ARG:39 8 5 3 21 55 75 38 92 53 42 59 18 52 80 88 12 36 70 30 85 83 44 1 35 54 84 91 57 7 15 4 79 24 11 9 25 63 87 82 66 60 49 51 17 20 26 33 71 93 81 37 48 13 65 34 64 16 47 41 56 22 76 96 74 27 67 69 46 95 2 78 6 68 28 58 19 99 23 77 14 89 31 98 40 50 32 86 43 72 45 73 97 0 61 10 90 62 29 94
TEST 153 ARG:2 32 71 61 62 38 64 28 52 72 65 96 83 67 77 42 8 27 92 54 14 10 30 23 16 7 11 47 95 66 87 19 69 48 37 6 85 43 18 89 79 15 12 0 98 57 29 46 1 13 44 35 99 53 59 60 56 3 20 97 25 9 63 88 58 86 45 22 34 91 36 84 17 33 5 41 55 68 78 40 39 90 74 49 75 80 24 73 21 81 70 94 82 4 93 50 51 26 76 31
TEST 154 ARG:61 39 43 80 23 20 26 27 60 34 40 67 3 82 76 59 85 68 98 95 0 64 41 79 70 66 77 58 50 42 4 9 49 52 56 57 30 13 7 46 88 48 63 12 93 37 84 16 44 75 99 28 14 90 2 87 8 74 96 92 33 10 55 86 38 32 19 81 24 83 17 97 71 21 45 69 51 36 62 1 29 73 65 94 22 35 72 18 15 6 5 91 78 54 25 89 47 31 11 53
TEST 155 ARG:29 39 45 72 75 10 67 19 6 76 70 24 7 40 0 97 48 20 44 86 17 36 64 66 28 95 41 42 52 65 69 4 89 13 60 88 31 16 34 46 59 71 1 73 63 98 87 12 22 79 57 84 91 83 77 51 37 23 92 33 93 35 78 68 99 82 9 25 54 96 62 56 18 94 27 50 26 90 38 21 58 5 85 55 8 81 49 2 32 30 74 61 53 43 3 15 14 47 80 11
TEST 156 ARG:13 34 39 6 49 36 10 89 81 2 28 44 87 97 55 57 58 25 67 4 21 22 88 8 75 98 72 45 31 38 16 52 11 85 18 65 69 78 71 3 96 61 79 73 76 27 94 83 42 48 64 93 32 19 82 17 84 35 86 54 46 14 90 53 74 77 51 63 99 33 62 20 50 7 30 40 56 41 1 26 66 47 24 59 91 92 0 80 95 9 68 37 70 43 12 23 29 60 15 5
TEST 157 ARG:62 95 28 52 85 96 38 47 86 70 80 94 3 59 26 7 68 58 75 82 91 19 87 11 97 67 48 56 40 44 23 10 13 57 84 64 65 4 98 5 78 66 37 20 71 53 69 76 89 54 35 24 34 14 25 31 81 74 51 30 45 8 60 49 29 12 42 33 0 21 63 90 16 46 55 92 72 88 2 6 17 15 99 32 83 22 36 77 61 1 79 27 50 43 41 73 18 9 93 39
TEST 158 ARG:29 20 87 10 23 51 36 5 42 0 73 52 38 80 11 84 64 60 25 48 8 81 69 83 72 24 19 97 34 35 82 32 79 68 40 12 39 90 59 45 74 85 99 9 89 6 21 37 70 14 93 71 65 77 2 92 1 57 86 76 7 26 15 75 56 95 33 63 78 67 47 46 55 18 53 28 91 30 62 49 27 31 22 3 88 61 98 58 50 44 16 43 96 41 94 4 54 66 17 13
TEST 159 ARG:67 60 48 45 84 53 27 51 22 5 86 1 20 76 64 33 74 44 46 88 7 13 87 42 19 96 37 15 23 85 78 17 49 69 90 61 24 58 2 83 29 16 55 97 94 82 38 99 79 40 36 3 95 81 9 63 75 54 56 26 14 62 34 31 65 11 10 47 91 0 92 68 98 6 72 41 80 77 4 70 73 43 66 57 30 21 39 52 18 35 32 59 71 89 12 8 28 25 50 93
TEST 160 ARG:67 83 89 21 69 97 46 90 48 28 73 36 33 87 58 5 61 79 81 42 65 51 94 22 12 41 80 43 37 76 78 17 35 27 1 75 45 14 82 84 15 32 40 31 34 3 53 29 77 11 95 25 23 49 38 63 6 85 92 64 62 52 98 59 9 10 47 93 8 88 13 72 39 70 19 60 71 26 18 30 4 54 55 20 24 74 68 57 91 99 7 16 50 86 96 56 2 44 0 66
TEST 161 ARG:5 64 47 76 23 6 29 71 13 62 69 95 61 84 57 65 36 99 79 60 93 31 34 12 15 25 38 28 55 2 78 54 4 58 51 11 19 42 9 3 10 97 44 48 49 88 83 17 37 1 18 80 92 85 98 33 20 81 43 39 22 35 24 7 77 86 50 96 82 91 8 70 68 53 16 0 89 75 73 40 21 72 52 87 14 67 32 63 41 66 30 56 74 59 45 94 27 26 46 90
TEST 162 ARG:6 34 39 86 37 1 52 40 21 55 5 77 81 4 65 16 73 99 79 28 68 71 51 10 61 30 41 87 94 95 3 29 90 19 97 49 31 59 50 53 23 2 63 15 91 13 11 66 54 93 32 76 70 74 24 64 62 18 56 43 8 82 47 67 27 0 78 75 89 25 17 36 45 48 83 42 44 26 9 72 92 85 14 80 35 46 22 88 96 20 33 7 98 69 58 57 60 12 84 38
TEST 163 ARG:18 95 26 55 19 36 49 93 17 6 87 42 54 63 2 29 58 60 94 92 7 99 14 16 1 50 73 79 69 62 5 41 80 82 85 96 46 88 45 25 48 91 24 53 51 44 90 67 61 9 0 47 43 13 78 38 23 84 83 15 22 97 86 39 12 21 98 8 10 30 40 31 28 66 74 89 33 52 65 4 11 32 68 77 81 64 59 57 37 3 75 70 76 34 27 56 35 20 72 71
TEST 164 ARG:85 36 66 46 64 17 34 86 12 78 71 37 58 91 10 84 96 90 87 80 18 98 93 76 15 68 42 24 8 32 94 88 33 77 79 44 35 31 82 50 29 51 49 4 72 69 70 21 47 6 20 9 61 83 26 97 5 89 53 67 28 22 11 57 0 63 92 14 62 81 45 40 23 38 99 27 60 54 74 25 13 43 55 1 48 30 3 59 65 16 7 73 95 19 52 41 75 56 39 2
TEST 165 ARG:46 56 67 20 95 45 7 32 60 4 61 76 96 43 91 84 57 65 26 21 78 27 98 28 69 62 70 52 50 34 29 64 10 82 2 51 87 92 30 42 94 37 47 38 59 17 68 49 79 71 83 54 97 86 89 14 66 11 88 72 6 48 0 18 41 13 77 36 33 93 19 9 90 55 53 31 75 73 81 1 40 8 3 15 44 63 12 22 80 23 35 74 58 24 25 16 5 85 39 99
TEST 166 ARG:50 67 41 66 82 23 61 91 87 96 26 32 84 40 92 16 39 25 60 71 19 11 63 36 37 24 38 0 29 18 6 15 56 14 73 90 85 2 98 69 3 97 95 54 22 76 89 7 64 49 70 45 55 10 74 79 4 9 34 48 35 13 80 59 62 30 53 93 51 52 28 57 21 33 99 27 78 42 43 72 83 77 1 8 68 12 20 81 88 65 44 94 47 75 17 46 58 5 86 31
TEST 167 ARG:65 3 66 96 68 90 69 73 21 29 43 10 20 60 16 72 12 8 36 89 44 52 86 9 26 37 15 11 71 59 39 31 42 0 49 35 85 92 62 19 75 38 40 30 25 47 14 67 70 63 77 80 34 64 46 22 18 56 50 32 55 57 2 5 51 45 79 87 84 7 97 33 81 53 58 1 98 24 82 41 17 23 13 95 28 93 83 61 78 27 6 48 91 74 76 4 88 94 54 99
TEST 168 ARG:46 5 4 12 84 76 87 20 60 74 97 93 57 29 42 96 51 71 81 47 82 26 9 83 69 31 19 53 40 41 1 90 32 85 21 99 8 70 48 64 89 27 94 34 25 3 30 86 72 39 66 61 14 7 2 78 77 13 37 92 38 23 36 65 22 43 63 50 49 18 45 95 16 59 88 75 67 35 17 0 24 62 79 6 44 54 73 28 55 91 98 10 15 33 58 56 52 68 11 80
TEST 169 ARG:96 8 6 64 44 1 53 41 10 78 7 48 86 32 94 16 52 55 71 59 70 35 54 84 76 30 11 22 83 92 85 19 33 56 98 60 95 79 67 46 2 77 63 51 28 45 68 21 69 26 99 18 20 37 74 29 43 72 57 65 80 97 13 39 88 31 9 87 34 4 49 42 27 62 12 23 90 38 15 75 0 50 36 47 81 66 3 5 17 14 82 24 73 61 25 58 93 40 91 89
TEST 170 ARG:90 78 17 37 55 29 60 18 22 26 40 19 52 30 13 99 53 25 36 58 41 74 10 59 34 92 42 5 8 11 51 39 62 73 95 47 85 28 3 24 15 45 87 0 33 57 43 65 31 84 81 1 68 46 27 89 23 56 54 35 20 97 38 49 71 98 69 4 91 86 80 2 16 61 50 66 76 93 63 82 64 75 9 88 6 94 14 70 32 77 48 12 67 79 21 7 44 72 96 83
TEST 171 ARG:87 12 32 21 25 51 72 9 8 55 63 79 10 46 80 50 91 1 71 64 27 0 33 3 85 45 76 17 62 82 36 53 34 48 37 13 16 92 59 88 24 84 38 78 93 41 31 42 6 70 94 67 18 69 23 83 40 57 96 75 86 73 77 26 35 4 98 81 65 15 29 19 95 43 58 28 90 54 14 74 89 11 99 22 44 39 7 2 66 30 61 49 47 60 52 68 97 20 56 5
TEST 172 ARG:57 95 70 78 98 38 0 4 16 15 82 74 84 76 18 79 12 21 62 8 47 26 44 13 85 92 1 11 7 63 40 42 52 35 94 77 56 60 65 30 6 59 29 33 17 53 72 86 81 55 46 32 48 80 54 45 3 73 96 99 10 88 87 61 31 24 91 51 50 20 28 93 25 89 2 71 83 66 67 23 19 27 14 75 41 64 58 39 49 97 90 43 69 22 37 9 36 68 34 5
TEST 173 ARG:66 36 81 99 77 19 18 44 8 14 72 61 88 50 86 29 34 90 70 42 31 91 28 55 98 53 0 11 62 15 12 48 7 39 38 16 27 20 95 89 37 69 59 79 23 43 24 41 47 63 9 60 5 54 35 17 45 87 73 85 4 71 84 92 51 57 33 40 13 94 1 25 3 67 75 64 74 80 83 30 78 10 58 46 93 65 97 32 96 56 82 2 76 52 49 21 26 6 22 68
TEST 174 ARG:23 43 10 53 81 79 73 72 49 41 4 50 46 21 26 18 30 94 74 58 83 47 85 40 14 31 67 45 37 64 54 2 55 7 62 24 82 16 97 70 66 35 32 12 9 71 89 87 36 33 20 99 56 38 93 25 22 1 11 63 96 80 68 13 29 17 51 86 0 34 15 92 77 8 88 19 98 59 39 61 52 48 75 5 44 76 60 42 28 65 91 90 84 57 95 6 3 69 27 78
TEST 175 ARG:36 93 20 30 24 63 16 0 49 48 17 2 3 70 57 71 72 8 77 94 44 39 18 82 5 42 14 68 56 35 40 6 69 13 90 19 27 83 25 22 38 21 32 58 84 92 23 12 75 41 66 10 64 79 45 51 65 55 26 73 28 78 37 95 47 1 67 62 61 29 34 86 89 85 11 33 97 53 15 7 50 60 96 88 59 87 91 74 31 43 80 9 76 46 81 98 52 54 4 99
TEST 176 ARG:70 61 69 6 74 19 26 90 56 94 71 86 27 84 53 81 83 49 54 88 31 79 66 29 78 25 38 58 5 46 99 52 35 93 96 55 7 41 62 48 22 28 91 40 33 50 10 17 4 21 24 30 75 0 92 44 3 15 13 51 64 23 59 45 95 57 9 89 11 36 8 1 16 68 60 82 37 32 77 65 67 97 85 63 98 39 14 12 76 2 80 72 87 43 42 34 73 20 47 18
TEST 177 ARG:70 13 59 33 7 62 96 58 49 44 68 64 38 74 37 16 25 2 77 95 94 85 90 78 56 67 23 53 55 30 86 34 69 89 41 28 3 88 61 19 93 73 4 83 50 40 72 6 84 24 65 92 32 1 91 75 36 57 43 14 63 79 60 97 31 17 48 29 51 5 46 42 26 9 81 15 39 0 12 20 45 21 87 66 80 98 22 54 35 11 71 18 82 47 99 10 76 8 52 27
TEST 178 ARG:39 59 7 44 87 70 57 3 26 46 50 53 30 79 91 97 33 24 49 93 78 67 38 72 96 28 89 9 42 94 1 83 6 47 74 29 8 20 68 75 43 56 37 76 77 0 55 17 27 52 60 45 31 71 34 41 84 36 13 65 66 81 21 61 63 92 85 98 11 90 22 40 18 54 99 82 62 5 88 35 19 69 32 95 80 15 10 12 16 73 4 14 48 58 25 23 51 2 86 64
TEST 179 ARG:33 93 61 75 44 67 18 27 36 25 41 24 31 48 13 57 96 37 12 85 82 30 3 81 89 79 88 86 5 60 58 20 26 42 74 43 70 73 7 11 56 50 54 21 46 65 32 77 90 47 72 9 62 94 78 8 28 52 45 40 6 84 2 76 38 92 97 99 35 23 55 87 69 68 17 91 49 14 16 15 51 53 4 34 39 66 83 59 19 0 10 95 1 63 22 71 29 64 98 80
TEST 180 ARG:59 38 44 97 89 21 40 86 83 63 69 67 2 29 64 99 82 92 73 84 36 20 66 23 34 42 9 68 18 6 49 31 65 33 81 43 15 88 11 90 10 57 50 22 17 80 52 25 70 3 7 13 74 5 61 12 53 30 76 28 41 4 78 14 47 95 56 32 55 91 1 35 93 27 58 96 85 72 98 94 77 0 45 54 19 37 60 16 51 26 48 71 79 62 39 24 8 75 87 46
TEST 181 ARG:32 17 70 0 67 53 19 34 48 47 16 87 11 1 12 54 59 77 57 84 3 99 62 33 90 31 18 38 22 55 86 63 24 36 78 40 71 66 9 93 85 76 4 92 23 8 75 2 60 89 95 26 80 21 56 51 64 44 52 30 81 72 96 10 68 61 45 39 91 46 25 28 41 5 94 79 58 65 37 27 83 20 97 42 6 15 88 74 43 73 82 14 49 50 69 98 13 7 35 29
TEST 182 ARG:8 44 60 91 82 79 3 45 4 90 52 75 31 12 22 41 53 50 15 34 70 73 10 14 38 17 89 67 66 49 39 2 55 19 61 54 99 51 25 9 11 32 59 76 6 80 57 64 30 97 7 13 71 63 78 36 86 69 26 83 58 92 96 42 0 95 35 24 5 98 68 74 84 18 33 77 94 23 56 72 37 43 28 81 1 20 62 85 65 29 88 93 21 46 16 27 48 47 87 40
TEST 183 ARG:15 51 94 50 82 3 49 1 59 12 71 83 2 37 11 75 29 78 27 8 16 96 23 56 84 79 64 13 17 80 19 35 7 47 39 42 28 54 65 97 93 38 33 74 43 85 98 58 87 77 69 62 18 86 9 46 81 72 57 92 10 22 55 48 70 60 90 6 91 89 14 45 21 61 30 76 67 44 25 68 32 26 73 52 63 36 40 24 66 20 31 4 95 53 88 5 34 0 99 41
TEST 184 ARG:51 39 24 63 27 34 91 92 95 40 36 87 50 48 53 2 97 32 49 0 22 30 84 79 89 65 3 7 29 66 55 28 33 67 44 93 35 6 37 81 47 9 62 80 88 94 77 10 72 64 70 12 46 25 74 17 21 96 42 13 69 8 98 16 61 58 18 23 68 76 83 45 90 59 71 5 57 82 26 75 11 85 15 52 60 43 31 41 54 78 1 19 56 38 86 73 99 20 4 14
TEST 185 ARG:73 64 49 0 46 23 7 69 90 81 31 97 85 86 87 79 17 89 11 63 12 77 48 76 25 44 14 83 54 42 55 71 95 9 33 43 41 62 74 93 13 53 88 58 24 94 27 18 6 56 19 16 22 3 60 92 15 82 84 45 91 21 4 67 8 35 29 59 39 57 52 36 61 75 70 5 65 38 51 30 47 66 98 37 99 10 80 26 2 28 50 20 68 78 72 40 32 34 96 1
TEST 186 ARG:51 2 57 24 17 46 7 6 82 0 44 90 67 40 26 43 64 88 45 37 87 56 27 68 86 23 85 58 93 32 95 60 12 20 66 78 99 69 22 15 59 63 21 54 52 80 65 76 11 84 49 83 47 28 77 5 16 61 97 18 55 30 73 35 79 4 3 71 13 38 1 53 74 14 31 89 19 42 25 72 48 92 81 70 8 10 94 91 41 36 34 9 33 29 98 75 50 96 39 62
TEST 187 ARG:3 62 73 56 12 85 99 88 8 67 10 52 84 15 40 1 78 69 31 87 17 86 13 80 55 39 47 7 97 25 30 89 53 0 27 71 57 19 22 92 59 48 50 42 26 68 49 63 70 20 51 11 77 38 81 98 14 60 95 35 64 6 96 72 82 41 93 29 18 54 75 91 21 44 9 5 37 94 90 36 2 65 46 33 32 45 28 23 4 61 79 66 76 58 43 34 83 24 16 74
TEST 188 ARG:3 53 74 86 34 67 29 15 77 63 10 49 16 45 83 8 78 0 59 11 26 82 70 76 50 72 87 40 94 79 27 21 85 13 61 35 48 20 62 96 38 93 73 1 55 32 33 39 5 9 54 41 47 89 30 14 99 42 58 36 64 65 6 66 80 56 17 31 90 81 25 43 23 12 7 97 84 37 69 24 2 28 60 91 71 52 4 92 88 22 46 75 95 57 68 18 44 19 98 51
TEST 189 ARG:63 52 81 84 34 33 66 3 59 99 26 41 31 74 35 1 65 91 48 16 57 88 22 55 21 56 76 67 11 43 71 7 17 62 39 87 46 78 69 25 80 15 72 0 13 4 27 60 40 28 24 75 53 30 12 97 18 6 49 10 2 20 95 37 44 45 77 23 68 92 42 54 29 58 38 14 5 98 89 36 93 73 79 90 51 50 85 94 47 96 8 83 64 32 70 61 82 19 9 86
TEST 190 ARG:44 16 92 12 25 17 58 49 18 2 1 74 88 87 41 19 34 69 22 53 37 81 35 65 30 36 40 70 90 60 50 80 91 13 72 99 39 0 33 52 66 15 57 64 84 61 45 79 47 98 73 76 63 32 97 29 89 68 27 93 48 14 78 51 10 7 5 95 85 67 71 26 62 83 8 23 94 46 9 59 3 82 54 21 96 4 75 24 31 77 28 38 42 6 20 86 56 43 55 11
TEST 191 ARG:52 16 44 33 30 20 48 68 50 54 56 77 43 42 7 63 55 91 75 79 88 39 21 35 15 8 95 85 62 70 6 4 80 9 59 99 61 46 23 53 57 67 82 13 0 45 90 25 3 73 65 40 86 37 94 49 64 19 29 89 72 11 60 5 58 38 47 17 76 41 97 66 36 34 28 74 98 93 81 83 22 1 27 18 14 31 71 12 84 24 78 32 26 96 10 51 87 92 69 2
TEST 192 ARG:77 96 5 3 28 67 51 32 46 97 83 64 42 86 36 55 9 23 79 57 1 40 47 98 50 30 76 75 2 41 49 45 26 81 44 85 82 87 95 92 88 90 15 61 63 31 38 6 54 17 19 18 99 21 35 59 70 29 20 84 27 24 12 66 14 43 22 10 78 34 60 33 11 58 37 7 69 62 89 91 52 56 4 16 53 13 73 94 8 80 74 65 72 93 25 48 68 0 39 71
TEST 193 ARG:2 46 47 21 39 37 71 15 65 24 3 59 17 72 77 0 35 64 49 69 89 42 90 52 75 43 23 67 34 31 74 78 41 1 28 60 63 45 36 94 48 95 5 16 82 76 58 55 4 9 8 66 92 20 27 83 85 26 99 14 57 96 81 18 51 53 10 84 91 70 87 38 79 12 7 61 54 32 88 56 33 11 86 93 62 29 19 80 30 25 73 6 13 50 44 68 40 97 98 22
TEST 194 ARG:66 41 97 55 57 26 65 34 87 38 44 72 29 18 90 95 17 39 64 3 23 91 71 58 73 12 14 8 84 56 51 86 16 7 13 35 42 48 28 82 6 19 89 67 15 85 27 1 31 69 93 30 59 40 45 79 21 10 83 98 53 60 96 77 81 25 5 0 61 2 47 43 52 80 22 63 54 9 46 70 32 20 99 49 33 94 50 36 88 62 75 68 11 74 92 37 4 78 76 24
TEST 195 ARG:18 13 65 67 92 0 48 44 10 31 56 12 85 94 89 9 34 71 57 49 28 79 80 60 3 29 27 75 68 61 88 91 35 36 51 58 98 62 24 82 19 33 63 53 39 93 95 21 2 22 69 4 78 15 23 7 86 59 37 47 55 77 14 16 32 74 87 66 8 5 40 50 25 96 64 42 6 84 46 38 81 72 11 70 99 45 73 54 90 97 17 52 30 43 26 76 83 1 41 20
TEST 196 ARG:91 25 76 83 5 14 21 85 87 32 9 92 0 41 72 88 94 58 80 48 24 95 70 65 34 22 42 4 54 62 47 68 82 57 56 36 46 75 69 23 71 37 67 17 6 35 89 10 50 8 59 28 3 39 11 29 73 97 19 31 90 52 12 60 20 84 18 2 98 66 53 7 96 61 77 55 81 78 93 13 27 43 49 40 63 86 51 64 74 15 16 30 79 99 26 44 38 45 1 33
TEST 197 ARG:54 89 45 86 16 1 2 19 67 0 5 18 11 42 98 27 26 20 23 82 13 75 79 73 47 66 25 69 65 77 52 93 56 32 41 9 70 80 85 36 10 62 12 7 76 15 74 97 30 68 34 87 22 92 78 84 55 60 44 31 91 40 57 99 43 83 81 46 29 94 48 33 6 61 71 28 17 38 53 24 35 8 72 64 50 88 37 63 49 21 95 58 51 14 4 96 59 3 90 39
TEST 198 ARG:53 65 96 87 28 73 68 4 16 95 21 93 41 98 26 97 36 92 60 22 54 76 72 78 66 11 86 42 94 31 62 50 79 10 88 69 39 43 33 45 90 37 81 51 27 71 57 30 89 29 59 9 18 8 55 67 84 63 49 2 74 58 52 80 48 32 70 99 13 34 14 17 25 85 15 77 38 46 5 24 12 6 35 0 23 64 44 1 47 40 75 19 3 20 56 61 7 91 82 83
TEST 199 ARG:31 46 27 33 93 80 94 68 71 66 97 83 20 98 29 43 34 64 4 92 87 1 48 88 91 84 36 99 77 40 70 90 81 19 6 38 25 16 78 17 35 2 57 58 65 30 52 18 55 44 51 26 61 45 63 28 75 11 79 15 8 76 39 5 24 85 3 32 60 50 74 95 9 41 86 22 89 21 53 62 82 14 73 49 59 0 42 13 72 10 23 69 37 67 12 56 7 96 54 47
TEST 200 ARG:71 86 62 56 63 6 14 44 65 95 37 66 43 92 32 9 5 23 89 91 21 96 2 18 30 17 20 0 33 58 45 41 97 78 42 69 8 16 10 12 25 51 79 11 49 13 73 84 35 82 1 68 26 53 72 27 57 98 87 70 55 46 94 99 81 28 38 7 93 19 47 36 64 67 74 61 22 4 15 77 29 60 76 31 75 39 85 34 50 83 88 59 40 90 3 54 24 52 80 48
TEST 201 ARG:32 75 73 82 10 13 78 43 40 6 15 91 18 31 14 67 7 93 42 36 35 74 30 17 89 2 21 98 38 70 96 25 12 99 81 24 63 16 95 62 57 85 44 77 58 86 23 55 51 48 97 45 22 28 34 20 50 49 54 59 39 94 90 37 5 11 29 84 71 87 68 72 88 60 66 47 52 76 0 56 46 8 92 79 4 80 64 1 83 61 19 69 41 27 65 26 9 53 3 33
Multiple size <= 500
TEST 1 ARG:-120 -75 205 223 235 139 172 56 167 150 -36 32 234 202 -39 129 -11 -249 217 -144 -246 -181 -162 13 101 -65 91 104 -176 -90 -68 138 20 -247 201 216 111 -43 175 -95 17 93 246 -86 -192 169 241 157 151 -157 -87 88 209 44 -111 -25 239 -81 -129 248 29 114 81 193 -84 249 33 -209 58 188 54 30 102 -18 22 -126 110 -149 -69 121 247 -42 41 113 213 -132 -8 130 60 53 -26 181 228 207 -148 240 -109 -228 122 208 89 173 -41 184 -220 -4 -223 180 -211 79 -15 -125 35 -173 -79 -165 125 -67 62 -243 243 -51 78 10 36 198 69 -3 -163 -13 -99 26 141 -55 -115 176 143 -52 -230 -185 -203 -231 4 232 -14 -88 -137 -143 -100 156 3 224 107 37 -40 -167 -160 -224 80 -31 204 -177 -194 137 39 50 -210 182 -171 -94 -35 189 77 140 174 34 -45 67 222 -59 95 57 -217 -46 -191 109 -29 -204 -57 63 -151 -161 98 -72 186 21 -107 -219 -47 -33 7 25 83 66 -184 -128 15 229 48 73 134 -238 -183 116 -158 215 115 -155 82 -123 219 135 -142 -152 -199 133 183 23 86 233 199 -74 -61 -244 87 -207 159 -215 226 -103 -113 168 148 12 90 128 160 242 -9 -21 9 237 61 -197 236 185 -30 192 -232 190 -34 244 -1 55 227 -168 162 -91 100 -85 179 163 -7 142 -241 -156 194 28 47 -118 -96 126 -80 94 -98 -112 220 -250 -139 -70 177 -131 231 -92 131 -77 -229 74 -110 -124 -17 -2 154 -130 200 -71 153 -182 195 206 -134 -245 119 97 108 -16 76 -119 245 118 99 -179 -212 -140 -53 178 221 -138 -50 85 155 -166 127 72 -200 84 103 -164 -153 16 -172 -147 -58 0 43 166 5 -122 -93 -49 -240 -136 -105 -234 -10 -196 49 -73 149 152 -22 -117 -145 158 -82 -233 -133 45 -62 -76 -159 59 -237 -32 -221 -227 214 70 210 -187 -64 -216 40 106 -248 -189 92 -186 -48 -97 8 161 -195 123 -5 -174 -116 225 -235 24 -213 -78 -150 112 132 230 -24 -63 -37 -19 211 -201 -114 -225 71 -102 -169 146 -104 145 -56 171 -236 218 2 -218 -206 -127 52 -205 -60 197 46 -170 42 -198 203 -178 -89 -66 164 64 18 196 1 19 187 38 -242 -154 -28 27 -83 -20 -27 14 165 -175 -54 -208 -202 170 -38 96 117 -214 -190 -188 31 6 -6 -23 124 -141 11 -101 238 -108 105 -180 -226 136 75 68 -146 -121 -193 65 51 -44 -12 191 212 144 -135 -106 147 -222 120 -239
TEST 2 ARG:80 183 234 -126 224 51 96 -141 232 -36 23 -185 76 -18 28 175 -40 145 -224 109 150 -162 -121 -212 -2 151 241 -232 206 225 -57 35 -226 -43 -189 -239 -240 213 -69 221 54 48 115 -74 71 190 -158 -59 138 -31 104 -14 -99 88 -28 -77 -204 117 -4 243 -62 -246 -227 -61 -190 228 209 -76 100 127 -230 -49 18 -111 -23 -210 -153 136 -131 245 -221 131 66 -164 -187 -93 -193 186 124 -222 -238 -124 211 31 75 -53 -95 235 236 -47 119 -88 160 -234 -194 217 -178 -167 24 -138 -169 231 -12 -214 45 161 40 -186 -127 53 -113 222 94 50 0 162 237 -133 110 125 2 -217 126 -118 -225 27 -35 -94 -68 -83 220 -19 83 -116 11 247 1 19 159 15 9 -137 -5 195 33 -191 102 -181 22 -160 174 -177 -198 -163 -91 -72 32 -157 4 -85 -34 -149 140 153 176 -15 79 -176 -26 -110 89 157 101 -223 -122 -235 147 -152 -197 137 25 202 219 -144 107 -171 -145 92 -1 65 226 -9 -52 -174 -236 -155 5 67 95 26 30 242 155 -218 -114 -132 -46 112 105 60 -136 -156 12 -106 63 -70 -109 -67 -139 -39 -3 -119 -147 185 72 52 180 -123 6 47 98 -173 14 135 -229 246 -71 58 -41 -154 156 113 154 -81 -170 64 114 -231 -27 -135 -143 78 -103 128 -98 -241 -87 -245 -30 -63 -32 -86 73 164 -97 -22 204 43 188 -233 134 46 81 -64 -37 70 -125 -79 -148 171 -105 -60 -102 85 36 178 -140 17 -58 -112 244 -21 238 -10 -159 -66 37 -38 146 -25 -183 44 149 -89 69 -78 -115 -188 184 -211 -195 167 59 165 240 -107 7 -182 3 -20 -213 -175 166 -208 111 -184 82 -56 194 179 163 -92 -24 141 121 227 168 193 189 -11 16 -51 -8 173 -104 148 -55 77 -33 172 -146 200 10 -101 -196 -96 -54 103 203 -249 -120 90 84 91 108 -242 -228 106 -80 -142 -219 212 -130 -203 21 -247 -172 -206 42 -180 39 99 -100 -6 -207 97 158 -150 129 74 170 -215 -151 144 207 -216 -166 208 139 41 86 49 205 197 -165 -44 -168 -134 143 118 68 -48 181 -201 -90 -202 -13 -209 214 249 -117 239 -75 123 210 -65 216 -244 120 182 29 132 93 -84 177 -237 13 191 -205 -243 -161 187 -179 -42 152 248 -73 -129 -199 223 233 196 -220 -17 62 218 -82 130 -128 61 -7 230 34 122 87 116 198 142 -200 199 -250 133 169 215 -16 8 20 192 57 -192 -108 56 -29 229 55 -50 -248 201 38 -45
TEST 3 ARG:44 230 -148 -231 -139 -238 220 -36 161 175 24 -38 -25 -3 -249 -42 -206 5 -75 -4 180 246 20 -89 98 -137 -107 -242 127 -48 -14 -65 223 197 -120 139 -87 103 63 228 163 -53 -236 -204 -28 -248 -154 42 247 199 57 101 -77 53 -239 -119 115 149 -200 66 165 -115 -26 -44 37 151 191 -232 -171 -124 215 -189 -216 86 -198 -132 107 74 158 -110 -244 188 -95 -32 -234 14 135 -230 -1 -197 95 -190 143 -138 -46 92 48 137 16 222 -220 47 15 -12 104 -59 239 -17 -182 221 211 128 70 -145 -20 8 -90 -212 242 205 154 124 -246 123 160 -142 -170 131 102 75 -71 23 227 -147 -35 -113 237 204 153 159 -80 231 -109 77 38 -173 -108 -111 9 -45 -116 -112 -168 -93 43 -245 -199 39 -167 235 -196 2 -73 -179 249 152 177 212 87 -74 -70 -195 157 -63 -146 -18 -214 -134 96 0 -126 114 -68 217 -149 166 -191 225 79 -99 224 19 187 73 -54 -215 26 200 -222 208 80 -27 -31 183 106 25 -67 49 -233 117 7 100 -152 60 173 155 -166 -217 145 122 88 -150 206 234 1 176 -88 142 -205 94 41 195 -169 126 -157 233 -98 -118 125 229 130 -172 18 -192 226 136 -250 81 -5 156 196 84 -43 -79 -185 248 -158 12 82 -226 -156 40 -57 -19 -211 6 218 -41 -175 -122 28 210 3 -40 -219 29 116 32 -84 -123 -55 -81 179 -202 -66 -39 -193 -240 54 -161 109 -83 -177 -52 185 -133 -243 -103 113 22 -82 -194 171 189 -15 -208 -64 198 -69 99 83 93 -203 138 -125 194 146 169 -188 -102 141 243 -129 -223 -104 147 91 31 129 203 -34 55 238 -33 -237 -11 68 -143 61 -141 162 -117 -96 -241 85 -50 -7 -159 -91 133 190 -97 -180 144 207 21 -183 -61 132 120 64 -155 -135 232 89 -186 -218 -181 184 -210 90 -37 118 27 69 -130 -100 56 140 -121 164 -187 33 -163 108 -228 240 -60 -162 -184 34 76 -213 241 -225 72 -165 -101 10 -94 -229 67 182 119 213 97 45 121 193 -127 -49 -176 216 236 -22 167 -29 -174 52 -47 17 202 78 -106 -21 134 110 -6 35 178 -128 -58 58 13 245 -114 -16 -86 -224 172 30 170 -62 -8 4 209 -76 -24 62 -160 192 -56 -105 111 174 -178 -72 -235 36 214 -2 -247 -10 59 168 -140 201 150 105 244 186 -164 46 -85 71 -207 148 -13 -23 -51 112 -78 50 -9 -209 219 -92 -153 -151 65 -136 181 11 -227 -131 -144 -221 -201 51 -30
TEST 4 ARG:160 178 181 -157 162 70 191 188 -3 -167 123 240 -94 128 151 31 60 -143 -33 153 -174 198 47 223 59 -239 -20 27 245 -137 28 -203 134 193 -97 -105 124 -96 -237 -172 116 43 72 206 174 155 -29 82 127 91 -48 21 121 242 122 220 -208 239 -66 -248 -235 107 80 -131 -192 243 -230 111 -14 84 -85 57 -155 -95 196 85 8 75 166 140 7 -80 -44 -111 136 -26 42 -1 197 -130 -60 62 -220 -74 49 -246 79 113 20 -151 -194 13 172 143 137 182 235 142 -152 -183 -213 130 -25 -76 132 -129 22 179 -154 73 -135 207 -236 -233 216 -106 48 102 -212 -196 221 78 -24 -116 -86 -153 208 224 -2 -124 -177 3 -46 -199 170 -41 -84 -91 39 213 -50 6 203 185 161 109 86 -27 209 -240 81 -190 -139 238 139 -98 141 -15 -51 -168 -112 -165 -247 194 -55 -215 100 244 74 36 34 -148 -214 46 -156 -217 115 -119 -113 154 -56 53 -77 227 187 149 33 -173 0 -120 69 56 -75 -141 83 -175 -108 -169 -49 218 190 -102 51 -9 -42 -68 147 -191 -182 -123 120 -218 19 -188 38 180 -197 114 131 210 -241 -198 -176 26 -146 -181 -70 -228 -127 184 -138 229 -225 211 164 89 -200 -64 35 -18 -178 45 -184 54 87 -161 25 -72 9 146 -205 177 156 50 -125 -89 -193 -186 225 -170 93 10 98 -28 -23 40 -110 232 -140 92 23 -122 94 186 -180 77 24 29 152 -63 144 -69 -158 163 58 129 55 150 -244 226 -114 -19 -211 4 165 -22 52 -245 68 -101 133 30 217 125 189 -223 173 -147 -232 -164 -142 118 246 -210 -79 -166 -162 159 -21 106 -5 -67 171 -103 -47 -52 -204 169 234 183 -36 -40 -53 90 -6 -160 32 -109 -82 -38 -226 63 -92 88 233 -78 205 -57 -7 247 -58 112 105 -206 138 -185 -12 241 -17 248 -133 249 -117 -134 -149 -87 201 2 -90 -83 -100 -189 -118 -209 219 204 202 -238 64 -43 -250 222 110 -32 175 104 236 44 -219 145 200 -229 135 -10 -104 -221 -73 157 -65 76 -187 214 -150 212 -71 -35 -37 -54 199 67 5 95 12 -242 167 -121 96 -61 71 -107 -31 -195 -59 -207 231 -159 126 -115 -231 -216 -81 41 -99 237 168 103 -93 61 -4 176 -224 -202 66 -136 -62 -144 -128 -126 -243 -163 17 16 -13 -201 -171 -145 -249 -30 15 -179 158 230 119 -34 99 148 195 -16 108 97 -222 101 215 228 1 -45 37 117 -227 -8 192 65 -234 11 18 -39 -11 -88 -132 14
